,MUNCOD,RATE_18,RATE_17,RATE_16,RATE_15,RATE_14,RATE_13,RATE_12,RATE_11,RATE_10,RATE_09,RATE_08
0,110020,0.3849625912601943,0.0,0.19561088300708698,0.0,0.20242382285486413,0.0,0.0,0.0,0.0,0.0,0.26372281677066134
1,110029,14.74708745022858,0.0,0.0,0.0,0.0,0.0,0.0,0.0,0.0,0.0,0.0
2,110030,0.0,0.0,0.0,1.0893127525843944,0.0,0.0,0.0,0.0,0.0,0.0,0.0
3,110145,0.0,0.0,0.0,0.0,0.0,0.0,0.0,20.39983680130559,0.0,0.0,0.0
4,120040,0.249280203412646,0.0,0.0,0.8096073404398867,0.0,0.0,0.0,0.0,0.2977998546736709,0.3268465194114148,0.0
5,120050,0.0,0.0,0.0,0.0,0.0,0.0,0.0,0.0,0.0,0.0,2.8134143596668917
6,120070,0.0,0.0,0.0,0.0,0.0,5.8750954703013925,0.0,0.0,0.0,0.0,0.0
7,130070,0.0,0.0,0.0,2.985252850916473,0.0,0.0,0.0,0.0,0.0,0.0,0.0
8,130120,1.1866337573571293,0.0,0.0,0.0,0.0,3.6889025514909317,0.0,0.0,0.0,0.0,0.0
9,130190,0.0,0.0,0.0,0.0,0.0,0.0,0.0,0.0,1.1515430677107323,0.0,0.0
10,130250,0.0,0.0,0.0,0.0,0.0,0.0,0.0,0.0,0.0,1.1564437043204736,0.0
11,130260,0.04661039859348461,0.04694253857737821,0.14323972935330603,0.0,0.04949757486631942,0.15134874433514262,0.16113109733499906,0.05457252251662279,0.27738866312533805,0.5751618649278374,0.9362145335603653
12,130290,1.5934985260138637,0.0,1.6363933889707085,1.6671390227231049,0.0,0.0,0.0,0.0,0.0,0.0,0.0
13,130340,0.0,0.0,0.0,0.0,0.0,0.0,0.0,0.0,0.0,0.0,1.8913960394166933
14,130350,0.0,0.0,0.0,0.0,5.190760446405398,0.0,0.0,0.0,0.0,0.0,0.0
15,130353,0.0,0.0,0.0,0.0,0.0,0.0,0.0,0.0,0.0,0.0,3.9255711706053233
16,130406,0.0,0.0,1.6039521380681998,0.0,0.0,0.0,0.0,0.0,0.0,0.0,0.0
17,150040,0.0,1.8100857980668281,0.0,0.0,0.0,0.0,0.0,0.0,0.0,0.0,0.0
18,150080,0.0,0.0,0.0,0.0,0.0,0.0,0.0,0.0,0.0,0.0,0.2018244934205215
19,150140,0.0,0.0688574822261624,0.0,0.0,0.0,0.07013006321523899,0.0,0.07132382729363164,0.0718374806308193,0.13912075681691707,0.3510930227985765
20,150170,0.0,0.0,0.0,0.0,0.0,0.0,0.0,0.0,0.0,0.0,0.9442157344109983
21,150220,0.0,0.0,0.0,0.0,0.0,0.0,0.0,0.0,0.0,0.0,1.56742268687597
22,150240,0.0,0.0,0.0,0.0,0.0,0.0,0.558702915311812,0.0,0.0,0.0,0.0
23,150295,0.0,0.0,0.0,0.0,0.0,0.0,0.0,0.0,0.0,0.0,3.412037668895865
24,150420,0.0,0.0,0.0,0.0,0.0,0.3970065704587411,0.0,0.0,0.0,0.0,0.0
25,150500,0.0,0.0,0.0,0.0,0.0,0.0,0.0,0.0,0.0,0.0,0.0
26,150503,0.0,0.0,0.0,0.0,0.0,3.967781613300004,0.0,0.0,0.0,0.0,0.0
27,150550,0.0,0.0,0.0,0.0,0.0,0.0,0.0,1.0054293183189222,0.0,0.0,0.0
28,150553,0.0,0.49417857637035717,0.0,0.0,0.0,0.0,0.0,0.0,0.0,0.0,0.0
29,150680,0.0,0.0,0.0,0.0,0.0,0.0,0.3516162038811397,0.0,0.33924294544294953,0.0,0.7257657736118822
30,160030,0.0,0.0,0.21482507867968506,0.0,0.0,0.0,0.0,0.0,0.0,0.0,0.0
31,170210,0.0,0.0,0.0,0.0,0.0,0.0,0.0,0.0,0.0,0.0,0.839433214693439
32,170550,0.0,0.0,0.0,0.0,0.0,0.0,0.0,0.0,0.0,0.0,0.0
33,172100,0.0,0.3486908402403177,0.0,0.0,0.0,0.0,0.0,0.0,0.0,0.0,0.0
34,210060,0.0,2.4327348805527174,0.0,0.0,0.0,0.0,0.0,0.0,0.0,0.0,0.0
35,210300,0.0,0.0,0.0,0.0,0.0,0.0,0.0,0.0,0.0,0.6753471284240099,0.6783524176480166
36,210340,0.0,0.0,0.0,0.0,0.0,0.0,0.0,0.0,2.1371174559753805,0.0,2.205412081247381
37,210500,0.0,0.0,0.0,0.0,0.0,0.0,0.0,3.7640682049158736,0.0,0.0,0.0
38,210594,0.0,0.0,0.0,0.0,0.0,0.0,12.913223140495868,0.0,0.0,0.0,0.0
39,210620,0.0,0.0,0.0,0.0,0.0,0.0,0.0,15.218383807639627,0.0,0.0,0.0
40,210745,6.866717022591499,0.0,0.0,0.0,0.0,0.0,0.0,0.0,0.0,0.0,0.0
41,210750,0.0,0.0,0.0,0.0,0.0,0.0,0.0,0.0,0.9534615421286983,0.0,0.0
42,210830,0.0,0.0,0.0,0.0,0.0,0.0,2.77808645405045,0.0,0.0,0.0,0.0
43,210850,0.0,0.0,0.0,0.0,0.0,0.0,0.0,0.0,0.0,0.0,3.136861256626619
44,210910,0.0,0.0,0.0,0.0,0.0,0.0,0.0,0.0,0.0,0.0,7.286328419109611
45,210930,0.0,0.0,0.0,0.0,0.0,0.0,0.0,0.0,0.0,0.0,9.904912836767037
46,210990,0.0,0.0,0.0,0.0,0.0,0.0,0.0,0.0,1.2790667928679236,0.0,0.0
47,211120,0.5671474186285241,0.0,0.0,0.0,0.0,0.0,0.0,0.0,0.0,0.0,0.0
48,211130,0.5481118915615434,0.27475848728967234,0.0,0.0,0.0,0.09488368209412082,0.28856975211858293,0.38932092697312715,0.09881979518609249,0.20058208922292495,0.0
49,211140,0.0,0.0,0.0,0.0,0.0,0.0,0.0,0.0,4.961301845604287,0.0,0.0
50,211170,0.0,0.0,0.0,0.0,0.0,4.663091629750524,0.0,4.750142504275129,0.0,4.8868689830425645,0.0
51,220207,0.0,0.0,0.0,28.81014116969173,0.0,0.0,0.0,0.0,0.0,0.0,0.0
52,220210,0.0,18.109380659181458,0.0,0.0,0.0,0.0,0.0,0.0,0.0,0.0,0.0
53,220270,3.606853020739405,0.0,0.0,0.0,0.0,0.0,0.0,0.0,0.0,0.0,0.0
54,220290,0.0,0.0,0.0,0.0,0.0,0.0,0.0,0.0,0.0,0.0,0.0
55,220570,0.0,0.0,0.0,0.0,0.0,0.0,0.0,0.0,0.0,0.0,0.0
56,220770,0.6550804766365548,0.0,0.0,0.0,0.0,0.0,0.0,0.0,0.0,0.0,0.0
57,220800,1.2820184097843645,0.0,0.0,0.0,0.0,0.0,0.0,0.0,0.0,0.0,0.0
58,220810,0.0,0.0,0.0,0.0,0.0,0.0,0.0,8.499065102838689,0.0,0.0,0.0
59,221050,0.0,0.0,0.0,0.0,0.0,0.0,0.0,0.0,0.0,0.0,0.0
60,221100,0.0,0.3528589810844062,0.23600769385081952,0.0,0.237925291458482,0.0,0.0,0.12160065372511442,0.0,0.0,0.0
61,230010,0.0,0.0,8.70852564660803,8.805142203046579,0.0,0.0,0.0,0.0,0.0,0.0,0.0
62,230060,0.0,0.0,0.0,0.0,0.0,0.0,0.0,0.0,0.0,0.0,14.852220406950838
63,230160,0.0,0.0,0.0,0.0,0.0,0.0,0.0,0.0,0.0,0.0,0.0
64,230180,15.943877551020407,0.0,0.0,0.0,0.0,0.0,0.0,0.0,0.0,0.0,0.0
65,230190,3.3247444102734605,0.0,5.055356149840756,3.3981819726446356,5.1416525271222175,1.72956518731191,0.0,1.7869907076483202,3.611868600220324,3.772801871309728,0.0
66,230200,0.0,0.0,4.472071910916328,0.0,0.0,4.524068041983352,0.0,0.0,0.0,0.0,0.0
67,230250,2.036286627705716,0.0,2.063940888732947,2.080905610121525,0.0,2.1178364183150493,0.0,0.0,0.0,0.0,0.0
68,230260,0.0,0.0,0.0,0.0,0.0,0.0,0.0,0.0,0.0,1.6319070465746273,0.0
69,230270,0.0,0.0,0.0,0.0,0.0,0.0,0.0,0.0,0.0,0.0,0.0
70,230280,0.0,0.0,0.0,0.0,0.0,0.0,0.0,1.3360588934760245,0.0,0.0,0.0
71,230350,0.0,0.0,0.0,0.0,0.0,0.0,0.0,0.0,0.0,0.0,0.0
72,230370,0.0,0.0,0.0,0.0,0.0,0.0,0.0,0.0,0.0,0.0,0.30598725257105786
73,230380,0.0,0.0,0.0,0.0,0.0,0.0,0.0,0.0,0.0,0.0,0.0
74,230420,2.283591632920257,1.5313466662583075,3.084943931144051,1.554243083618278,1.5666982617482785,0.7899455727500376,0.0,0.0,0.0,0.0,0.8641249870381251
75,230430,0.0,0.0,5.3222630262387565,5.30194581411378,0.0,0.0,0.0,0.0,0.0,0.0,0.0
76,230440,0.0,0.03805925216614234,0.038318345751031914,0.03859233679686692,0.038881821037864674,0.039187931997965365,0.07999379248170342,0.0,0.08171907515253887,0.39911364840961194,2.3851740813239255
77,230465,0.0,0.0,0.0,0.0,0.0,0.0,0.0,0.0,0.0,6.269985579033168,0.0
78,230480,0.0,0.0,0.0,0.0,0.0,0.0,0.0,0.0,21.616947686986595,0.0,0.0
79,230500,0.0,0.0,0.0,0.0,0.0,0.0,0.0,0.0,0.0,2.603759829193355,0.0
80,230523,0.0,0.0,1.5462403166700167,0.0,0.0,0.0,0.0,0.0,0.0,0.0,0.0
81,230540,0.0,0.0,0.0,0.0,0.0,0.0,0.0,0.0,0.0,0.0,0.0
82,230550,1.9369522057043242,0.0,0.9802672208444022,1.9726589469946543,0.0,0.0,0.0,1.0274218902507937,0.0,0.0,1.0394902339892518
83,230710,7.330303474563847,0.0,0.0,0.0,0.0,3.6945357815790443,0.0,0.0,0.0,0.0,0.0
84,230730,2.2064826460139892,0.7396914746859085,0.37278935910053385,1.8795437971295605,1.896065285319904,1.5308719463888645,0.0,0.0,0.8002048524422252,0.40027378727049306,0.4056548283065939
85,230740,8.073305614984056,0.0,0.0,0.0,0.0,0.0,0.0,0.0,0.0,0.0,4.227614779741271
86,230750,0.0,0.0,0.0,0.0,0.0,0.0,0.0,0.0,0.0,0.0,0.0
87,230765,0.0,0.0,0.0,0.0,0.0,0.0,0.0,0.0,0.0,0.0,0.0
88,230770,0.0,0.0,0.0,0.0,0.0,0.0,0.0,0.0,0.0,0.0,0.0
89,230810,2.134289495027106,0.0,0.0,10.842929325786654,2.1795514483119374,0.0,0.0,0.0,0.0,0.0,0.0
90,230830,3.5129628328532285,0.0,0.0,7.0536784933342735,0.0,0.0,0.0,0.0,0.0,0.0,0.0
91,230840,0.0,0.0,5.661552397667441,2.837684449489217,2.844950213371266,0.0,2.8961163080309307,0.0,0.0,0.0,2.863196472541946
92,230850,0.0,0.0,0.0,0.0,0.0,0.0,0.0,0.0,0.0,0.0,0.0
93,230920,0.0,0.0,6.531678641410843,0.0,0.0,0.0,0.0,0.0,0.0,0.0,0.0
94,230950,0.0,0.0,0.0,4.674207721791157,0.0,0.0,0.0,0.0,0.0,0.0,0.0
95,231025,0.0,0.0,0.0,0.0,0.0,0.0,0.0,0.0,0.0,0.0,0.0
96,231090,0.0,0.0,0.0,0.0,6.128201985537443,0.0,0.0,0.0,0.0,0.0,0.0
97,231110,6.645843025187745,0.0,0.0,0.0,0.0,0.0,0.0,6.659563132658497,0.0,0.0,0.0
98,231180,0.0,0.0,0.0,0.0,0.0,0.0,0.0,0.0,1.4307789160418931,0.0,0.0
99,231195,0.0,0.0,0.0,0.0,0.0,0.0,0.0,0.0,0.0,0.0,0.0
100,231210,0.0,0.0,0.0,0.0,5.728361115884746,0.0,0.0,0.0,5.820382981200163,0.0,0.0
101,231230,0.0,0.0,0.0,0.0,0.0,0.0,0.0,0.0,0.0,2.202303609575616,0.0
102,231290,0.0,0.0,0.0,0.0,0.0,0.0,0.0,0.0,0.0,0.0,0.5554136165202226
103,231310,0.0,0.0,0.0,0.0,0.0,0.0,0.0,0.0,0.0,0.0,0.0
104,231330,0.0,0.0,0.0,0.0,0.0,0.0,0.0,1.7851723583912025,0.0,0.0,0.0
105,231390,0.0,0.0,0.0,0.0,0.0,0.0,0.0,0.0,0.0,0.0,7.345919341805628
106,231400,0.0,0.0,0.0,0.0,2.508717794335315,0.0,0.0,0.0,0.0,0.0,0.0
107,240165,0.0,0.0,0.0,0.0,0.0,0.0,0.0,0.0,0.0,38.58024691358025,0.0
108,240200,0.0,0.0,0.0,0.0,0.0,0.0,0.0,0.0,0.0,0.0,1.6000768036865771
109,240260,0.0,0.0,0.0,0.0,0.0,0.0,0.0,0.0,0.0,2.9468534971783877,1.4833274000237333
110,240270,0.0,0.0,0.0,0.0,0.0,0.0,0.0,0.0,0.0,8.900756564307967,0.0
111,240300,0.0,0.0,0.0,0.0,0.0,0.0,0.0,12.572290671360323,0.0,0.0,0.0
112,240325,0.0,0.0,0.0,0.0,0.0,0.0,0.0,0.0,0.0,0.0,1.1184493817771042
113,240330,0.0,0.0,0.0,0.0,0.0,0.0,0.0,0.0,0.0,18.63932898415657,0.0
114,240420,0.0,0.0,0.0,0.0,0.0,0.0,0.0,0.0,0.0,0.0,9.52517026241844
115,240500,0.0,0.0,0.0,0.0,0.0,0.0,0.0,0.0,0.0,12.430080795525171,0.0
116,240560,0.0,0.0,0.0,0.0,0.0,0.0,0.0,7.340527049842179,0.0,0.0,0.0
117,240580,0.0,0.0,0.0,0.0,0.0,0.0,3.0602564494904674,0.0,0.0,0.0,0.0
118,240670,0.0,0.0,0.0,0.0,0.0,0.0,0.0,0.0,0.0,9.203865623561896,0.0
119,240710,0.0,0.0,0.0,0.0,0.0,0.0,0.0,0.0,0.0,1.5064778547755349,0.0
120,240780,0.0,0.0,0.0,0.0,0.0,0.0,0.0,0.0,0.0,0.0,4.7114252061248525
121,240800,0.0,0.0,0.0,0.0,0.0,0.0,0.0,0.0,0.0,0.8187091412969172,0.4138302054666971
122,240810,0.11394193518982726,0.0,0.0,0.11494860647804367,0.0,0.0,0.12231069362394355,0.0,0.0,1.8605735776225096,0.8771215377193586
123,241010,0.0,0.0,0.0,0.0,0.0,0.0,0.0,0.0,0.0,0.0,7.908264136022143
124,241080,0.0,0.0,0.0,23.37540906965872,0.0,0.0,0.0,0.0,0.0,0.0,0.0
125,241150,0.0,0.0,0.0,0.0,0.0,0.0,0.0,0.0,0.0,4.530832313896062,0.0
126,241200,0.0,0.0,0.0,0.0,0.0,0.0,1.1064884482606,0.0,0.0,1.2385894942839095,0.0
127,241270,0.0,0.0,0.0,0.0,0.0,0.0,0.0,0.0,0.0,15.174506828528072,0.0
128,241415,0.0,0.0,0.0,0.0,0.0,0.0,0.0,0.0,0.0,18.625442354255913,0.0
129,241440,0.0,0.0,0.0,0.0,0.0,0.0,0.0,0.0,0.0,6.546859144325509,0.0
130,250010,0.0,0.0,0.0,0.0,0.0,0.0,10.404744563520966,10.490977759127151,0.0,0.0,0.0
131,250100,0.0,0.0,0.0,0.0,0.0,0.0,5.242189138184106,0.0,0.0,0.0,0.0
132,250300,0.0,0.0,0.0,4.6392948271862675,0.0,0.0,0.0,0.0,0.0,0.0,0.0
133,250380,0.0,0.0,0.0,0.0,0.0,0.0,0.0,0.0,0.0,0.0,18.13894431344096
134,250400,0.24541563592099577,0.0,0.24524590807202382,0.0,0.0,0.0,0.0,0.0,0.7786625691711916,0.7817304384986606,0.0
135,250680,0.0,0.0,5.523336095001381,0.0,0.0,0.0,0.0,0.0,0.0,0.0,0.0
136,250700,0.0,0.0,0.0,0.0,0.0,0.0,0.0,0.0,0.0,0.0,4.338959517507702
137,250750,0.0,0.0,0.0,0.0,0.12808394109163382,0.0,0.0,0.0,0.0,0.0,0.0
138,250890,0.0,0.0,0.0,0.0,2.271178741766977,0.0,0.0,0.0,0.0,0.0,0.0
139,250905,0.0,0.0,0.0,0.0,12.134449702705982,0.0,0.0,0.0,0.0,0.0,0.0
140,250970,0.0,0.0,0.0,0.0,0.0,0.0,3.191828917969997,0.0,0.0,0.0,0.0
141,251080,0.0,0.0,0.0,0.0,0.0,0.0,0.9801999607920017,0.0,0.0,0.0,0.0
142,251120,0.0,0.0,0.0,3.535317825072474,0.0,0.0,0.0,0.0,0.0,0.0,0.0
143,251230,0.0,0.0,0.0,0.0,0.0,0.0,0.0,0.0,0.0,0.0,5.033472592741732
144,251250,0.0,0.0,0.0,2.290058854512561,0.0,0.0,0.0,0.0,0.0,2.479974208268234,0.0
145,251275,0.0,0.0,0.0,22.341376228775694,0.0,0.0,0.0,0.0,0.0,0.0,0.0
146,251315,15.2114390021296,0.0,0.0,0.0,0.0,0.0,0.0,0.0,0.0,0.0,0.0
147,251370,0.0,0.0,0.0,0.0,0.0,0.0,0.0,0.0,0.0,0.0,0.794546234645394
148,251700,0.0,10.087763542822556,0.0,0.0,0.0,0.0,0.0,0.0,0.0,0.0,0.0
149,260005,1.003794342615085,2.0128014170121977,2.0204061016264268,0.0,4.073278276188634,1.022641277892541,1.0499459277847192,0.0,0.0,0.0,0.0
150,260010,0.0,0.0,0.0,5.448255196273394,0.0,0.0,5.647165123108199,2.8364770954474543,0.0,0.0,2.831738120858583
151,260030,0.0,0.0,0.0,0.0,0.0,4.194279003439309,0.0,0.0,0.0,0.0,0.0
152,260040,0.0,0.0,0.0,0.0,0.0,0.0,0.0,2.989894157746816,0.0,0.0,0.0
153,260050,0.0,0.0,0.0,0.0,0.0,0.0,2.4523027122467997,2.468465355088741,0.0,0.0,2.5367190076355244
154,260070,0.0,0.0,0.0,0.0,2.614515791675382,2.614925997594268,8.01068090787717,0.0,0.0,0.0,5.642385600631947
155,260080,0.0,0.0,0.0,0.0,0.0,0.0,4.470072862187654,0.0,0.0,0.0,0.0
156,260090,0.0,0.0,0.0,4.4163759219184735,0.0,4.433606739082244,4.538234626730202,0.0,0.0,0.0,0.0
157,260105,4.923198109491926,0.0,0.0,0.0,0.0,0.0,10.742869420422194,0.0,0.0,0.0,0.0
158,260110,0.0,0.0,1.2006675711695702,1.2077294685990339,0.0,0.0,0.0,0.0,0.0,0.0,1.26415857605178
159,260120,0.0,0.0,0.0,4.130808950086059,0.0,2.773848159551746,4.293073840870063,0.0,0.0,0.0,0.0
160,260140,0.0,0.0,0.0,0.0,0.0,2.3816895705813703,0.0,0.0,0.0,2.277333697706725,0.0
161,260150,0.0,0.0,0.0,0.0,0.0,0.0,8.723719794120212,0.0,0.0,0.0,0.0
162,260170,1.3125943427183828,0.0,0.0,1.3251702843815432,0.0,0.0,1.3699380787988382,0.0,0.0,0.0,0.0
163,260180,0.0,0.0,0.0,7.975117632985087,0.0,0.0,0.0,8.29393713195654,0.0,0.0,0.0
164,260190,1.6470665744309385,0.0,1.6537399328581586,0.0,1.6583472910897,0.0,3.397662408263115,0.0,1.7043033659991478,0.0,0.0
165,260200,2.6378960141391223,0.0,0.0,0.0,0.0,0.0,0.0,0.0,0.0,0.0,0.0
166,260210,0.0,0.0,0.0,2.0938023450586267,0.0,2.1153724113130115,0.0,2.185935689772007,0.0,2.209944751381215,0.0
167,260220,0.0,0.0,0.0,0.0,0.0,7.728771640560593,7.905346649450578,2.639288447834464,2.6435444644178916,0.0,0.0
168,260230,0.0,0.0,0.0,0.0,2.623157232044489,0.0,2.6638962146034793,5.3259480187473365,0.0,0.0,0.0
169,260260,0.0,0.0,0.0,2.036991770553247,2.06011413032282,0.0,2.162255665109843,0.0,0.0,0.0,2.386748770824383
170,260270,0.0,0.0,0.0,0.0,7.707723138584862,0.0,0.0,0.0,0.0,0.0,0.0
171,260280,0.0,0.0,0.0,0.0,0.0,0.0,0.0,0.0,0.0,0.0,1.905996264247322
172,260290,0.0,0.48863197705384237,0.98699145265402,1.4959161489134662,1.0081509000267161,3.0588523186100574,1.5854393252370231,3.205830336772477,1.6205441787352193,1.1656166403431574,0.5882837410139659
173,260300,0.0,0.0,0.0,3.0077901765572834,0.0,0.0,0.0,0.0,0.0,0.0,0.0
174,260310,0.0,0.0,0.0,5.012280086211217,0.0,5.082850462539392,0.0,0.0,0.0,5.517850245544336,0.0
175,260320,0.0,0.0,0.0,0.0,3.576665832111306,0.0,0.0,7.472445357743322,0.0,0.0,0.0
176,260330,0.0,9.045680687471732,0.0,0.0,0.0,0.0,0.0,0.0,0.0,0.0,8.593280054996992
177,260345,0.6380155165373622,3.1977283337916744,1.2884273455819826,1.2982460695600244,0.654278984559016,1.3193743526819581,2.7239235394662473,0.6864548724566847,3.460063941981648,0.6982752601075344,2.8174371183253157
178,260350,0.0,0.0,5.422993492407809,0.0,0.0,0.0,0.0,0.0,0.0,0.0,0.0
179,260360,0.0,0.0,0.0,0.0,0.0,0.0,12.189176011701608,0.0,0.0,0.0,0.0
180,260370,0.0,0.0,0.0,0.0,0.0,0.0,0.0,4.08313257931485,0.0,0.0,0.0
181,260380,0.0,0.0,0.0,5.000750112516878,0.0,0.0,10.204602275626307,0.0,0.0,0.0,0.0
182,260390,5.130573085013596,0.0,0.0,0.0,0.0,0.0,10.691185117870315,0.0,0.0,0.0,0.0
183,260400,0.0,0.0,0.0,1.233745404298369,2.4939521659974564,2.5218136884047007,1.306728344244515,3.962697804665416,0.0,0.0,1.476516012816159
184,260410,0.5604250263399763,0.28079791535627635,0.5686891147216552,1.4405568616604434,1.7527050080624431,1.1854802380444318,0.3085515049599654,0.9387320858626949,0.3175097078593178,0.0,0.3394917130072855
185,260415,0.0,0.0,7.019021548396153,0.0,0.0,0.0,7.230657989877079,0.0,0.0,0.0,0.0
186,260420,0.0,0.0,0.0,0.0,0.0,4.959333465582226,0.0,5.2186619350798455,0.0,0.0,2.8647549202165754
187,260440,0.0,0.0,7.517666516313337,0.0,0.0,0.0,0.0,0.0,0.0,0.0,0.0
188,260450,0.0,0.0,4.672460517708625,0.0,0.0,0.0,0.0,0.0,0.0,0.0,0.0
189,260480,0.0,7.961783439490445,0.0,0.0,0.0,0.0,8.052826542116284,8.041817450743867,0.0,0.0,8.465966813410091
190,260490,0.0,8.651267410675663,0.0,0.0,0.0,0.0,0.0,5.770673437590167,0.0,0.0,0.0
191,260500,0.0,0.0,0.0,0.0,0.0,4.22029964127453,0.0,0.0,0.0,0.0,0.0
192,260510,2.714367145300073,0.0,0.0,0.0,0.0,2.8110417720807335,0.0,0.0,0.0,0.0,0.0
193,260520,0.0,0.0,2.9481566650451807,0.0,0.0,0.0,0.0,3.1268076856932914,4.721806878098685,0.0,1.6086739700464907
194,260530,0.0,0.0,0.0,0.0,0.0,0.0,0.0,6.333924499619965,0.0,0.0,0.0
195,260540,0.0,0.0,0.0,0.0,0.0,0.0,0.0,4.830217842824712,0.0,0.0,0.0
196,260560,0.0,4.431249169140781,0.0,0.0,0.0,0.0,4.51222813825467,4.511413877109086,0.0,0.0,4.377133852753217
197,260580,6.507874528179097,0.0,0.0,0.0,0.0,0.0,0.0,0.0,7.0269130770852355,0.0,6.806425265450586
198,260590,0.0,0.0,0.0,0.0,0.0,3.38810774182619,3.5084026242851625,0.0,0.0,0.0,0.0
199,260600,0.0,0.0,1.4512734924896598,0.7301988331422646,0.0,2.959937249330314,0.0,1.5348840778800181,0.7728453072832941,0.0,0.0
200,260610,0.0,0.0,0.0,0.0,0.0,0.0,3.419855682090216,0.0,0.0,0.0,0.0
201,260620,0.0,0.0,1.2667848999239928,0.0,0.0,6.414779652318943,2.634976680456378,2.632029162883125,0.0,1.3436525851875738,0.0
202,260640,0.0,2.402662149661825,1.2109616246261155,1.2211055890002809,2.463600305486438,3.7290242386575514,1.2846040208105851,2.5918822248717017,0.0,0.0,0.0
203,260650,0.0,0.0,0.0,0.0,0.0,0.0,5.416531253385331,0.0,0.0,0.0,0.0
204,260660,0.0,3.450060376056581,0.0,0.0,0.0,0.0,0.0,0.0,0.0,0.0,0.0
205,260680,0.0,1.7331322899876949,0.877531678893608,0.8891813307487796,0.0,0.9147289658074312,2.8570612268220907,0.9658382993519224,1.9610342494631667,0.9980936411454123,0.0
206,260690,0.0,0.0,0.0,0.0,8.252867871585376,0.0,0.0,0.0,0.0,0.0,0.0
207,260700,0.0,0.0,0.0,0.0,0.0,4.761224586963767,0.0,0.0,0.0,0.0,0.0
208,260710,0.0,0.0,0.0,0.0,0.0,0.0,22.29157378510923,0.0,0.0,0.0,0.0
209,260720,0.0,2.115663313340315,0.0,4.379194447181441,3.3459736783403975,2.2746400382139527,2.3848703822947224,1.215406492701484,0.0,1.3242928276300454,2.7005495618358335
210,260730,0.0,0.0,0.0,0.0,0.0,0.0,0.0,3.50754121360926,0.0,0.0,0.0
211,260750,0.0,0.0,0.0,0.0,0.0,0.0,0.0,0.0,0.0,3.619123448300822,0.0
212,260760,0.0,0.0,0.0,0.0,0.0,4.18007774944614,0.0,0.0,0.0,0.0,5.431240495329133
213,260765,0.0,0.0,0.0,0.0,0.0,0.0,0.0,0.0,0.0,0.0,2.774002052761519
214,260775,7.576618555138841,0.0,0.0,0.0,0.0,3.965107057890563,0.0,0.0,0.0,0.0,0.0
215,260780,0.0,5.9315499139925265,0.0,5.969080164746613,0.0,0.0,0.0,0.0,0.0,6.4487005868317535,0.0
216,260790,0.28668245331376246,0.7184362229796136,0.8681497558328811,1.748960097475376,0.7342758498141548,2.220251954191762,2.7489897462682467,2.46234156371001,1.0857780142361009,0.7270739056083573,0.4422521839887019
217,260800,0.0,0.0,0.0,0.0,0.0,5.995563283170454,0.0,0.0,0.0,0.0,0.0
218,260805,0.0,0.0,0.0,0.0,0.0,0.0,0.0,0.0,0.0,6.91945751453086,0.0
219,260810,0.0,0.0,0.0,6.071829745893925,0.0,6.181424818420647,6.3887557898099345,3.2227915820683877,3.2536196518626976,0.0,3.3745022609165147
220,260820,0.0,0.0,0.0,6.241807627488921,0.0,0.0,0.0,0.0,0.0,0.0,0.0
221,260825,0.0,8.823010411152286,0.0,0.0,0.0,9.040773890245005,0.0,0.0,0.0,0.0,0.0
222,260830,0.0,6.797172376291462,0.0,0.0,0.0,0.0,0.0,14.488554042306578,0.0,0.0,0.0
223,260840,0.0,0.0,0.0,0.0,6.617257808364214,6.644518272425249,20.461055790478788,6.8479079641169625,0.0,0.0,0.0
224,260845,0.0,5.603182607721186,0.0,0.0,0.0,0.0,6.094588005850804,0.0,0.0,0.0,0.0
225,260850,0.0,4.686474833630143,0.0,4.700131603684904,0.0,0.0,0.0,4.831618108904673,0.0,9.700261907071491,4.85601903559462
226,260880,0.0,0.0,0.0,2.5484199796126403,0.0,0.0,2.681252681252681,0.0,0.0,0.0,0.0
227,260890,0.0,0.0,1.779264452075512,0.0,3.5501278046009657,0.0,1.8069132500948628,1.8053474391146576,0.0,0.0,0.0
228,260910,0.0,0.0,0.0,0.0,6.646284726837697,6.7704807041299935,0.0,0.0,0.0,0.0,0.0
229,260940,0.0,0.0,0.0,0.0,0.0,1.67123470820242,0.0,3.492168811440345,3.5231736748463014,1.7966546290806518,0.0
230,260950,0.0,3.0978934324659235,0.0,0.0,0.0,0.0,0.0,3.234675723758693,3.248651809499058,0.0,0.0
231,260960,0.7656283895006827,1.2795217659447604,1.5378937007874016,2.0539469157419625,0.5143755095532392,1.803533379538141,1.3183185637710237,0.7925228114482562,1.5976184833807738,0.755157727277304,1.5195643915410915
232,260970,0.0,0.0,8.432769743222162,12.678020538393271,0.0,0.0,0.0,4.3595779928502925,0.0,0.0,4.4955943175687825
233,260990,0.0,2.907991159706875,0.0,0.0,1.4903573877015708,0.0,0.0,1.539788125153979,0.0,0.0,0.0
234,261000,3.1749055465599896,1.5915457091927678,1.598184462450656,1.6051364365971106,1.6123831022250885,1.619931638884839,0.0,0.0,0.0,0.0,0.0
235,261010,0.0,0.0,0.0,0.0,0.0,12.208521548040533,0.0,0.0,0.0,0.0,0.0
236,261020,0.0,7.570882386342128,7.5642965204236,0.0,3.775009437523594,0.0,0.0,0.0,0.0,0.0,0.0
237,261030,0.0,0.0,0.0,0.0,0.0,0.0,9.00900900900901,9.048136083966703,0.0,0.0,0.0
238,261040,0.0,0.0,0.0,0.0,0.0,0.0,0.0,4.919565110444236,0.0,0.0,0.0
239,261050,0.0,0.0,10.368066355624675,0.0,0.0,3.4385530568736673,0.0,3.4977264777894366,0.0,0.0,0.0
240,261060,0.0,0.0,3.6040581694988556,1.8172566693319765,0.0,1.8501045309059962,1.9121555729774176,1.9291984180572972,5.839529723206291,2.1043328212790136,2.1125124110104148
241,261070,0.3038433140797953,0.6091005716408865,0.6142694800208851,0.6197130728472717,1.2509029955999487,0.9472268355677362,0.9796270233379811,0.3295968042293862,0.33265582430449986,0.31311350677734184,0.6363306628656515
242,261080,0.0,4.443457009553432,0.0,0.0,0.0,0.0,0.0,0.0,0.0,0.0,0.0
243,261090,0.0,0.0,0.0,1.511647241999607,0.0,3.059320219047328,0.0,0.0,0.0,1.5514940888075217,0.0
244,261100,0.0,0.0,0.0,0.0,2.8621311428489653,0.0,6.01087969224296,3.0405302684788227,0.0,0.0,0.0
245,261110,0.5816236022857808,0.29135916135178996,0.2961357249254478,0.6024985615346843,0.30673247100611317,0.0,0.0,0.6672182337398916,0.3400423692792122,0.7095947858975132,0.36209056609239104
246,261140,0.0,6.757669955399378,0.0,0.0,6.964758322886196,7.042253521126761,0.0,0.0,0.0,0.0,0.0
247,261150,0.0,0.0,0.0,0.0,7.879910169024073,0.0,0.0,0.0,0.0,0.0,0.0
248,261153,0.0,0.0,0.0,0.0,0.0,14.607069821793747,0.0,0.0,0.0,0.0,0.0
249,261160,0.8547874815152207,1.040584637175682,0.9842622616009149,1.7314057840083652,1.181233555985497,2.3132040814923043,2.507975684211136,2.0045056113224824,2.667648708402573,1.280689318218638,1.2258222686744344
250,261170,0.0,0.0,0.0,0.0,0.0,0.0,0.0,5.187529179851636,0.0,0.0,0.0
251,261180,0.0,0.0,0.0,4.286418483036499,0.0,2.1645021645021645,0.0,2.235736004292613,2.249971875351558,0.0,0.0
252,261190,0.0,0.0,0.0,0.0,0.0,8.707009142359599,0.0,4.492766645700422,0.0,0.0,0.0
253,261200,0.0,0.0,0.0,0.0,0.0,9.229349330872173,18.38742300266618,0.0,0.0,0.0,0.0
254,261210,0.0,0.0,0.0,0.0,9.754194303550527,0.0,0.0,0.0,10.76773985140519,0.0,0.0
255,261220,0.0,0.0,3.3268459836651862,1.6731081329786344,0.0,0.0,0.0,0.0,0.0,0.0,0.0
256,261230,0.0,0.0,0.0,0.0,0.0,6.368615462998345,0.0,0.0,0.0,0.0,0.0
257,261240,0.0,0.0,3.9183417577681126,0.0,0.0,0.0,0.0,0.0,0.0,0.0,0.0
258,261245,0.0,0.0,0.0,0.0,0.0,0.0,7.1705148429657255,0.0,0.0,0.0,0.0
259,261247,0.0,0.0,0.0,8.080808080808081,0.0,0.0,0.0,0.0,0.0,0.0,0.0
260,261250,0.0,0.0,0.9646922631680493,0.0,1.0077394388906804,0.0,0.0,1.113920666570127,0.0,0.0,0.0
261,261260,0.0,0.0,0.0,0.0,0.0,4.889019262735895,0.0,0.0,0.0,2.3954964666427117,0.0
262,261270,0.0,7.136230642974382,0.0,7.232749891508752,7.284382284382285,0.0,0.0,15.24390243902439,0.0,0.0,0.0
263,261300,0.0,1.6999864001087992,0.0,1.7343346225220693,1.75297128633033,0.0,0.0,0.0,0.0,0.0,2.0392348790733714
264,261310,2.6940380936986448,0.0,2.710394362379726,0.0,2.730300879156883,0.0,2.8126230522585365,2.8235825615540997,0.0,0.0,0.0
265,261340,0.0,0.0,4.841677156967173,0.0,0.0,0.0,5.314625850340136,0.0,0.0,0.0,0.0
266,261350,0.0,0.0,0.0,0.0,2.975304968759298,0.0,3.0522235448524246,0.0,0.0,0.0,0.0
267,261360,0.0,0.0,0.0,0.0,0.0,0.0,3.106940905983968,0.0,0.0,0.0,0.0
268,261370,0.8899805984229543,0.8920686179180903,0.0,1.8138286294710875,0.9149298248824316,2.7700575248612664,2.863087171460747,6.740231478806786,1.9425774117098566,1.0005503026664666,1.0087153001936733
269,261380,0.0,0.0,0.0,0.0,0.0,0.0,0.0,0.0,0.0,0.0,5.80618939789816
270,261390,1.1658544547298715,1.1686611817501869,0.0,3.556525037936267,0.0,2.4081588421572286,0.0,0.0,0.0,0.0,0.0
271,261400,0.0,0.0,0.0,5.258452963138245,0.0,0.0,0.0,0.0,0.0,0.0,0.0
272,261410,0.0,0.0,2.815236057543425,0.0,0.0,2.8537183950687743,0.0,8.836264027569143,2.9653352311478813,0.0,0.0
273,261420,0.0,0.0,0.0,2.263109059225564,0.0,0.0,0.0,0.0,2.4810201955043913,0.0,0.0
274,261430,0.0,0.0,0.0,0.0,0.0,0.0,0.0,0.0,8.979078746520607,0.0,18.79169407122052
275,261450,0.0,1.5534463206623896,1.5678896205707118,1.583130164962163,0.0,0.0,3.347224314237419,1.6907885837954821,1.711039627677777,0.0,1.7781571179629434
276,261460,0.0,3.5334440479135014,3.5546708374804497,0.0,0.0,0.0,0.0,0.0,0.0,0.0,3.710988236167291
277,261480,0.0,0.0,0.0,0.0,8.25218682950982,0.0,0.0,0.0,0.0,0.0,0.0
278,261485,0.0,4.329004329004329,0.0,0.0,0.0,4.535970244035199,0.0,9.5333428666762,4.820438659918053,0.0,0.0
279,261500,0.0,0.0,0.0,0.0,0.0,3.7352457791722693,0.0,0.0,0.0,0.0,0.0
280,261510,0.0,0.0,0.0,0.0,14.234875444839856,14.304105278214847,0.0,14.768867227883621,0.0,0.0,0.0
281,261530,1.9624774315095377,1.883842284723923,1.8751875187518754,0.0,1.8572171458286904,1.8479164741753673,3.748125937031484,1.8660546007576182,0.0,0.0,0.0
282,261540,0.0,0.0,0.0,0.0,0.0,2.5054493523413424,0.0,0.0,0.0,0.0,0.0
283,261560,0.0,0.0,0.0,0.0,0.0,0.0,0.0,0.0,3.8290703017307393,0.0,0.0
284,261570,0.0,0.0,0.0,0.0,0.0,0.0,0.0,0.0,0.0,6.341154090044388,0.0
285,261580,0.0,0.0,0.0,0.0,3.8208772734219774,0.0,0.0,0.0,0.0,0.0,0.0
286,261600,0.0,0.0,0.0,5.595970900951316,0.0,0.0,0.0,0.0,0.0,5.985873338920149,0.0
287,261610,10.510826150935465,0.0,0.0,0.0,0.0,0.0,0.0,0.0,0.0,0.0,0.0
288,261620,0.0,0.0,0.0,0.0,0.0,5.139538469445444,0.0,0.0,0.0,0.0,0.0
289,261630,0.0,0.0,3.0963586821897446,3.1097428242684333,0.0,0.0,6.4472454143967,0.0,3.254043148612151,0.0,0.0
290,261640,0.7250842910488344,2.1805811975751936,1.462993577458195,1.4726998269577702,2.2243477100340323,0.0,0.7697814590437775,3.055207601356512,3.064194882794546,0.7911454995688257,0.0
291,261650,0.0,0.0,0.0,0.0,6.873324627122138,0.0,0.0,0.0,0.0,0.0,0.0
292,270030,0.0,0.4270128317355937,0.42979142222279526,0.4328011322077619,0.0,0.8785802143735724,1.3752635921885028,0.4627315971643808,0.9342869288587219,2.375059970264249,0.0
293,270040,0.0,0.0,0.0,0.0,0.0,0.0,2.227568386349461,0.0,0.0,0.0,0.0
294,270080,0.0,0.0,0.0,21.810250817884405,0.0,0.0,0.0,0.0,0.0,0.0,0.0
295,270090,0.0,0.0,29.472443265546712,0.0,0.0,0.0,0.0,0.0,14.22070534698521,0.0,0.0
296,270100,0.0,0.0,0.0,0.0,0.0,0.0,0.0,0.0,3.8789759503491075,0.0,0.0
297,270140,0.0,0.0,0.0,0.0,0.0,0.0,1.9110593001700842,0.0,1.9673034172060357,2.118240166070029,0.0
298,270160,0.0,0.0,0.0,0.0,0.0,0.0,0.0,0.0,0.0,0.0,0.0
299,270170,0.0,0.0,0.0,0.0,0.0,0.0,0.0,5.898661003952103,0.0,0.0,0.0
300,270200,0.0,0.0,0.0,0.0,0.0,0.0,0.0,0.0,18.304960644334617,0.0,0.0
301,270230,0.0,0.0,3.5039156257117328,0.0,0.0,1.79700977573318,1.8788516458740419,1.8969572805220425,1.9171779141104295,0.0,0.0
302,270240,0.0,0.0,1.9118265590945591,0.0,0.0,0.0,0.0,0.0,2.079434393844874,2.06347241137386,0.0
303,270255,0.0,0.0,0.0,0.0,0.0,0.0,0.0,5.769674590353104,0.0,0.0,0.0
304,270260,0.0,0.0,0.0,0.0,0.0,0.0,0.0,0.0,4.6893317702227435,0.0,0.0
305,270280,7.829014327096219,0.0,0.0,7.7417356971433,0.0,0.0,0.0,0.0,0.0,0.0,0.0
306,270300,0.0,0.0,0.0,0.0,0.0,12.688745083111279,0.0,0.0,0.0,0.0,0.0
307,270310,0.0,0.0,0.0,0.0,0.0,0.0,3.979465955668749,0.0,0.0,7.732456988208003,0.0
308,270320,0.0,4.033396523212197,0.0,0.0,0.0,0.0,0.0,0.0,0.0,0.0,0.0
309,270330,0.0,0.0,0.0,0.0,0.0,0.0,5.605695386512696,0.0,0.0,0.0,0.0
310,270380,0.0,0.0,0.0,0.0,0.0,4.199386889514131,0.0,4.401989699344104,0.0,0.0,0.0
311,270400,0.0,7.970350296895549,0.0,0.0,0.0,3.9883540063015994,4.136846895296404,0.0,4.192169028255219,0.0,0.0
312,270410,0.0,0.0,0.0,0.0,0.0,5.386189809328881,0.0,0.0,5.47855147099107,0.0,0.0
313,270420,0.0,0.0,0.0,0.0,0.0,0.0,3.6942628098562933,0.0,0.0,0.0,0.0
314,270430,0.2963308316426013,0.29150864468885823,0.39150090681397537,0.8877727065131938,0.0994709142073312,0.9029499374456349,1.363551022505934,0.9542895314438401,1.1794880592917925,1.4952248925040104,1.2985003403152975
315,270440,0.0,0.0,0.0,0.0,0.0,0.0,0.0,0.0,0.0,0.0,0.0
316,270470,0.0,0.0,0.0,1.9557224438707659,0.0,0.0,0.0,0.0,0.0,0.0,0.0
317,270480,0.0,0.0,0.0,0.0,0.0,0.0,7.468817686160281,0.0,0.0,0.0,7.01803635342831
318,270490,0.0,0.0,0.0,0.0,0.0,0.0,0.0,0.0,27.382256297918946,0.0,0.0
319,270520,0.0,0.0,0.0,0.0,0.0,0.0,6.137981831573779,0.0,0.0,0.0,0.0
320,270550,0.0,0.0,0.0,0.0,0.0,0.0,0.0,0.0,0.0,0.0,0.0
321,270560,0.0,0.0,0.0,0.0,0.0,8.013462617196891,0.0,0.0,0.0,0.0,8.152616990053808
322,270600,0.0,0.0,0.0,0.0,0.0,0.0,0.0,0.0,9.044044496698923,0.0,0.0
323,270610,0.0,0.0,0.0,0.0,0.0,0.0,0.0,9.109957183201239,9.165062780680048,0.0,0.0
324,270630,2.7361278318923064,0.0,0.0,0.0,0.0,1.359952129685035,0.0,0.0,0.0,4.134281461881925,0.0
325,270640,0.0,0.0,0.0,0.0,0.0,0.0,0.0,0.0,0.0,4.075976196299013,0.0
326,270642,0.0,0.0,0.0,0.0,0.0,9.368559115608019,0.0,9.733307377846993,0.0,0.0,0.0
327,270644,7.6828518746158565,0.0,0.0,0.0,0.0,0.0,0.0,0.0,0.0,0.0,0.0
328,270670,0.0,0.0,0.0,0.0,0.0,0.0,1.6423057973394646,1.6491309080114778,0.0,0.0,1.646090534979424
329,270680,0.0,0.0,0.0,0.0,0.0,0.0,0.0,0.0,5.807538184563564,0.0,0.0
330,270690,0.0,0.0,0.0,0.0,0.0,0.0,0.0,0.0,0.0,0.0,3.072574202666994
331,270710,0.0,0.0,3.979307600477517,0.0,0.0,0.0,0.0,0.0,0.0,0.0,0.0
332,270730,0.0,0.0,3.649901452660778,0.0,0.0,0.0,7.7000077000077,0.0,0.0,0.0,0.0
333,270750,0.0,0.0,0.0,0.0,0.0,0.0,5.184570717544587,0.0,0.0,0.0,0.0
334,270770,0.0,0.0,0.0,0.0,0.0,0.0,1.45028425571412,0.0,0.0,1.4749915187987668,0.0
335,270800,2.105883839447416,2.0733123237684525,0.0,0.0,0.0,2.111843216759588,2.2000748025432864,0.0,2.2247435983002957,0.0,0.0
336,270830,0.0,0.0,0.0,0.0,0.0,0.0,0.0,4.386349679796473,0.0,0.0,0.0
337,270850,0.0,0.0,0.0,0.0,0.0,2.9206460469055755,0.0,0.0,0.0,0.0,0.0
338,270860,0.0,1.6174163391398582,0.0,0.0,0.0,0.0,3.5511994176032955,0.0,0.0,1.8496596626220776,0.0
339,270870,12.677484787018255,0.0,0.0,0.0,0.0,0.0,0.0,0.0,0.0,0.0,0.0
340,270880,0.0,0.0,0.0,2.9230364502645347,0.0,0.0,0.0,0.0,6.248633111506858,0.0,0.0
341,270890,7.290755322251386,0.0,0.0,0.0,0.0,0.0,0.0,0.0,0.0,6.7663576696664185,0.0
342,270895,0.0,0.0,0.0,0.0,0.0,0.0,0.0,7.616726331022927,0.0,0.0,0.0
343,270910,0.0,0.0,4.975867044832562,0.0,0.0,0.0,5.289046384936795,5.215939912372209,0.0,0.0,0.0
344,270930,0.0,0.0,0.0,1.51476134934941,0.0,0.0,0.0,0.0,0.0,1.5942098298978113,0.0
345,270940,0.0,0.0,0.0,0.0,0.0,7.607744684088402,0.0,0.0,0.0,0.0,0.0
346,280030,1.0786838208213714,0.3076421383589753,0.9352743393455887,0.15804179889497175,0.0,0.16271354118361084,0.17015455137901755,0.17254379592900168,0.35030134673352753,0.0,0.37258865281257864
347,280060,0.0,0.0,0.0,0.0,0.0,0.0,0.0,3.9174207701649237,0.0,0.0,0.0
348,280200,0.0,0.0,0.0,0.0,0.0,0.0,0.0,0.0,0.0,0.0,23.0361667818475
349,280290,0.0,0.0,0.0,0.0,0.0,0.0,0.0,1.139640101655897,0.0,0.0,0.0
350,280320,0.0,0.0,0.0,0.0,0.0,0.0,0.0,3.2469640885771804,0.0,0.0,0.0
351,280330,0.0,0.0,0.0,0.0,0.0,0.0,0.0,0.0,0.0,0.0,12.56281407035176
352,280350,0.0,0.0,0.0,0.0,0.0,0.0,0.0,0.0,1.0542740269050732,0.0,0.0
353,280480,0.0,0.0,0.0,0.0,0.0,0.0,0.0,0.0,0.0,0.0,1.3050315491377005
354,280490,0.0,0.0,0.0,0.0,0.0,0.0,0.0,0.0,7.61208799573723,0.0,0.0
355,280550,0.0,0.0,0.0,0.0,0.0,0.0,0.0,0.0,4.552075746540423,0.0,0.0
356,280670,0.0,1.1206741975972745,2.2696838330420572,1.149702801825728,0.0,0.0,0.0,1.2506878783330833,0.0,1.3314870046868341,0.0
357,280710,0.0,0.0,0.0,0.0,0.0,2.487624070250504,0.0,0.0,0.0,0.0,0.0
358,290040,0.0,0.0,0.0,0.0,0.0,0.0,0.0,0.0,0.0,0.0,6.542789845590159
359,290070,0.0,0.0,0.0,0.0,0.0,0.0,0.0,0.0,0.0,0.0,0.7288523490911211
360,290135,0.0,0.0,0.0,0.0,0.0,0.0,0.0,0.0,0.0,0.0,6.964273278083432
361,290160,0.0,0.0,0.0,0.0,0.0,0.0,0.0,0.0,5.8554865909357074,0.0,0.0
362,290270,0.0,0.0,1.8327438007440942,0.0,0.0,0.0,0.0,0.0,0.0,0.0,0.0
363,290320,0.0,0.0,0.0,0.64969659169168,0.0,0.0,0.0,0.0,0.0,0.0,0.0
364,290490,0.0,0.0,0.0,0.0,0.0,0.0,0.0,3.1104199066874028,0.0,5.920312592504884,0.0
365,290570,0.0,0.3368216832326798,0.0,0.0,0.35534961071450144,0.0,0.0,0.0,0.0,0.0,0.0
366,290580,0.0,0.0,2.736502202884273,0.0,0.0,0.0,0.0,0.0,0.0,0.0,0.0
367,290630,3.1947861090699976,0.0,0.0,0.0,0.0,0.0,0.0,0.0,0.0,0.0,0.0
368,290650,0.0,0.0,0.0,0.0,0.0,0.0,0.0,0.0,0.0,0.0,0.0
369,290720,0.0,0.0,0.0,0.0,0.0,0.0,0.0,1.523298856002559,0.0,0.0,0.0
370,290840,0.0,0.0,0.0,0.0,0.0,0.0,0.0,0.0,0.0,1.590002067002687,0.0
371,290980,0.0,0.0,0.0,0.0,0.0,0.0,0.0,0.0,0.0,1.7513748292409541,0.0
372,291005,0.0,0.0,1.2594299819901513,0.0,0.0,0.0,0.0,0.0,0.0,0.0,0.0
373,291072,0.0,0.0,0.0,0.0,0.0,0.0,0.0,0.0,0.0,0.0,1.0183921624539178
374,291080,0.0,0.0,0.0,0.0,0.0,0.0,0.17602565749983717,0.0,0.0,0.0,0.17108727675248975
375,291085,0.0,0.0,0.0,0.0,0.0,0.0,0.0,0.0,0.0,12.334258402713537,42.89478521968258
376,291360,0.606634151076169,0.0,0.0,0.0,0.0,0.0,0.0,0.0,0.0,0.0,0.45514541896135813
377,291480,0.0,0.0,0.0,0.4552075746540422,0.0,0.0,0.0,0.0,0.0,0.0,0.0
378,291560,0.0,0.0,0.0,0.0,0.0,0.0,0.0,0.0,1.578407386946571,0.0,0.0
379,291640,0.0,0.0,0.0,0.0,0.0,0.0,0.0,0.0,1.4638287905846532,0.0,0.0
380,291835,0.0,0.0,0.0,0.0,0.0,0.0,4.3353854157634615,0.0,0.0,0.0,0.0
381,291955,0.0,0.0,0.0,0.0,1.308557969118032,0.0,0.0,0.0,0.0,0.0,0.0
382,291980,0.0,1.961284248926197,0.0,0.0,0.0,0.0,0.0,0.0,0.0,0.0,0.0
383,291992,0.0,0.0,0.0,0.0,0.0,5.1020408163265305,5.499642523235989,0.0,0.0,0.0,0.0
384,292070,0.0,0.0,0.0,0.0,0.0,4.75827940616673,0.0,0.0,0.0,0.0,0.0
385,292170,0.0,2.7132624267419145,0.0,0.0,0.0,0.0,0.0,0.0,0.0,0.0,0.0
386,292265,0.0,0.0,7.378984651711924,0.0,0.0,0.0,0.0,0.0,0.0,0.0,0.0
387,292400,0.0,0.0,0.0,0.0,0.0,0.0,0.0,0.0,0.0,0.0,0.944849154832431
388,292420,0.0,0.0,0.0,0.0,0.0,0.0,0.0,0.0,0.0,5.650355972426263,0.0
389,292460,0.0,0.0,0.0,0.0,4.742258263385024,0.0,0.0,0.0,0.0,4.795243118826125,0.0
390,292467,0.0,0.0,0.0,0.0,0.0,0.0,0.0,0.0,0.0,0.0,11.142061281337048
391,292530,1.3640238704177323,0.0,0.0,0.6876113070803337,0.0,0.7091896798717785,0.0,0.7732456988208004,0.0,0.0,0.0
392,292665,0.0,0.0,0.0,0.0,0.0,0.0,0.0,11.527377521613833,0.0,0.0,0.0
393,292740,0.06999543979709723,0.06770512791868342,0.13614277565168142,0.17116915723496082,0.0,0.10403366251896014,0.07377438612333306,0.07424990885823687,0.11208224146549772,0.1667747366960457,0.20347722225104817
394,292810,0.0,0.0,0.0,2.3926306974518483,0.0,0.0,0.0,0.0,0.0,0.0,0.0
395,292870,0.0,0.9676607768380716,0.0,0.9847559774687833,0.0,0.0,0.0,0.0,0.0,1.1265320836337418,0.0
396,292980,0.0,0.0,0.0,0.0,0.0,0.0,0.0,0.0,0.0,0.0,0.0
397,293010,1.2724588995775437,0.0,0.0,0.0,0.0,0.0,0.0,0.0,0.0,0.0,0.0
398,293070,0.0,0.0,0.0,0.0,0.0,0.0,0.0,0.0,0.0,0.0,0.8722274071295868
399,293075,0.0,0.0,0.0,0.0,0.0,0.0,8.223007976317737,0.0,0.0,0.0,0.0
400,293140,0.0,0.0,0.0,0.0,0.0,0.0,0.0,12.78772378516624,0.0,0.0,0.0
401,293230,3.7320395596193316,0.0,0.0,0.0,0.0,0.0,0.0,0.0,0.0,0.0,0.0
402,293330,0.0,0.0,0.0,0.0,0.0,0.0,0.0,0.0,0.0,0.0,0.0
403,310020,0.0,0.0,0.0,0.0,0.0,0.0,0.0,0.0,0.0,0.0,4.311645755184753
404,310150,0.0,0.0,0.0,0.0,0.0,2.8122275654545965,2.901831055395955,0.0,0.0,0.0,0.0
405,310220,0.0,23.815194093831863,0.0,0.0,0.0,0.0,0.0,0.0,0.0,0.0,0.0
406,310230,0.0,0.0,0.0,6.402458544080927,0.0,0.0,0.0,0.0,0.0,0.0,0.0
407,310250,21.048200378867605,0.0,0.0,0.0,20.012007204322593,0.0,0.0,0.0,0.0,0.0,0.0
408,310260,0.0,0.0,0.0,2.4942631946522997,0.0,0.0,0.0,0.0,0.0,0.0,0.0
409,310280,0.0,0.0,0.0,7.995522507395858,0.0,0.0,0.0,0.0,8.233163181294254,0.0,0.0
410,310285,0.0,0.0,0.0,0.0,0.0,0.0,0.0,0.0,0.0,0.0,11.799410029498526
411,310400,0.0,0.0,0.0,0.0,0.0,0.0,0.0,0.0,0.0,0.0,0.0
412,310560,0.0,0.0,0.0,0.741157985236133,0.0,0.0,0.0,0.0,0.0,0.0,0.0
413,310590,0.0,4.788813332056317,0.0,0.0,0.0,0.0,0.0,0.0,0.0,0.0,0.0
414,310610,0.0,0.0,0.0,0.0,0.0,0.0,0.0,29.394473838918284,0.0,0.0,0.0
415,310620,0.07994959977230354,0.15849154091023276,0.11935780725385138,0.11987738940611543,0.0,0.12100848471158636,0.4173997249335813,0.2515048372763703,0.2946817521271813,0.2854094218542887,1.0268450145853065
416,310650,0.0,0.0,0.0,0.0,0.0,0.0,8.198065256599444,0.0,0.0,0.0,0.0
417,310670,0.23117378489279317,0.2341119898114462,0.0,0.47926346790252733,0.0,0.0,0.0,0.0,0.2648676853477845,0.22637340746307846,0.9313003047680247
418,310690,0.0,0.0,0.0,0.0,0.0,0.0,0.0,7.288629737609329,14.648795136600013,0.0,0.0
419,310710,0.0,2.467308166790032,0.0,0.0,4.980699788320258,0.0,0.0,0.0,0.0,0.0,0.0
420,310730,0.0,0.0,2.0043695255657332,0.0,0.0,0.0,0.0,0.0,0.0,0.0,0.0
421,310740,0.0,0.0,0.0,0.0,0.0,0.0,0.0,0.0,0.0,0.0,0.0
422,310750,0.0,0.0,0.0,0.0,0.0,0.0,0.0,0.0,15.353907569476432,0.0,0.0
423,310860,0.0,0.0,0.0,0.0,0.0,3.0885168941874115,0.0,0.0,0.0,0.0,0.0
424,310870,0.0,0.0,0.0,0.0,0.0,0.0,0.0,21.734405564007826,0.0,0.0,21.436227224008572
425,310890,0.0,0.0,0.0,0.0,0.0,0.0,0.0,0.0,0.0,0.0,13.507125008441955
426,310900,0.0,0.0,0.0,0.0,0.0,0.0,0.0,0.0,0.0,2.9077374894594517,0.0
427,311120,0.0,0.0,1.842570754716981,0.0,0.0,0.0,0.0,0.0,0.0,0.0,1.8768768768768769
428,311160,0.0,0.0,0.0,0.0,0.0,0.0,0.0,0.0,3.6201715961336562,0.0,0.0
429,311320,0.0,0.0,3.966050606805743,0.0,0.0,0.0,0.0,0.0,0.0,0.0,0.0
430,311330,0.0,0.0,2.983916689046042,0.0,0.0,0.0,0.0,0.0,0.0,0.0,0.0
431,311360,0.0,0.0,0.0,14.961101137043686,0.0,0.0,0.0,0.0,0.0,0.0,0.0
432,311390,0.0,0.0,0.0,0.0,0.0,0.0,8.423180592991914,0.0,0.0,0.0,0.0
433,311470,0.0,27.925160569673274,0.0,0.0,0.0,0.0,0.0,0.0,0.0,0.0,0.0
434,311530,1.3388493928318004,0.0,0.0,1.3482358334119804,0.0,0.0,0.0,4.27344339824219,1.4324595330181924,0.0,0.0
435,311590,0.0,0.0,0.0,0.0,33.222591362126245,0.0,35.0140056022409,0.0,0.0,0.0,0.0
436,311650,0.0,12.78935925310142,0.0,0.0,0.0,0.0,0.0,0.0,0.0,0.0,0.0
437,311770,0.0,0.0,0.0,0.0,0.0,0.0,0.0,0.0,7.722007722007723,0.0,0.0
438,311830,0.0,0.0,0.0,0.0,0.0,0.0,0.0,0.0,0.0,0.0,0.880467704444601
439,311860,0.0,0.0,0.15295197308045272,0.0,0.0,0.0,0.32583107288026525,0.0,0.0,0.15989945522255605,0.6475121772758838
440,311910,0.0,0.0,0.0,0.0,0.0,0.0,0.0,0.0,4.183925358771599,0.0,0.0
441,311940,0.0,0.0,0.0,0.0,0.0,0.0,0.9556848915775491,0.0,0.0,0.0,0.0
442,312090,0.0,1.2519091614712436,0.0,0.0,0.0,0.0,0.0,0.0,1.347999568640138,0.0,1.3439234501202812
443,312160,0.0,0.0,0.0,0.0,0.0,0.0,0.0,0.0,0.0,0.0,2.163940102137973
444,312230,0.0,0.0,0.0,0.0,0.0,0.0,0.0,0.0,0.0,0.0,0.0
445,312270,0.0,0.0,0.0,0.0,0.0,0.0,19.26040061633282,0.0,0.0,0.0,0.0
446,312500,0.0,0.0,0.0,0.0,0.0,25.63445270443476,0.0,26.560424966799467,0.0,0.0,0.0
447,312590,0.0,0.0,9.50660709192889,0.0,0.0,0.0,0.0,0.0,0.0,8.67227473766369,0.0
448,312680,0.0,0.0,0.0,0.0,0.0,0.0,0.0,0.0,0.0,15.039855617386072,0.0
449,312710,0.0,0.0,0.0,0.0,0.0,0.0,0.0,0.0,0.0,1.8241850453309982,0.0
450,312735,0.0,0.0,0.0,0.0,0.0,0.0,0.0,0.0,0.0,0.0,0.0
451,312770,0.3588280675314423,0.0,0.0,0.0,0.3610173468835178,0.0,0.0,0.0,0.0,0.3798324179372061,0.7634141407201285
452,312820,0.0,0.0,0.0,9.4948727687049,0.0,9.5047999239616,0.0,0.0,0.0,0.0,0.0
453,312840,0.0,11.053387863380125,0.0,0.0,0.0,0.0,0.0,0.0,11.51012891344383,0.0,0.0
454,312850,0.0,0.0,0.0,0.0,0.0,0.0,0.0,0.0,25.4323499491353,0.0,0.0
455,312960,11.974613818704347,0.0,0.0,0.0,0.0,0.0,0.0,0.0,0.0,0.0,0.0
456,312965,0.0,0.0,0.0,0.0,0.0,0.0,0.0,0.0,16.246953696181965,0.0,0.0
457,312980,0.0,0.0,0.0,0.0,0.0,0.0,0.0,0.0,0.0,0.0,0.6439564685427265
458,313005,0.0,0.0,0.0,0.0,0.0,0.0,0.0,0.0,0.0,0.0,0.0
459,313010,0.0,0.0,0.0,0.0,0.0,0.0,0.0,2.807411566535654,0.0,0.0,0.0
460,313040,0.0,15.479876160990713,0.0,0.0,0.0,0.0,0.0,33.778078027360245,0.0,0.0,0.0
461,313080,0.0,0.0,0.0,0.0,0.0,0.0,0.0,0.0,37.93626707132018,0.0,0.0
462,313110,0.0,0.0,13.43183344526528,0.0,0.0,0.0,0.0,0.0,0.0,0.0,0.0
463,313130,0.0,0.0,0.0,0.0,0.0,0.0,0.4106084807075605,0.0,0.0,0.0,0.0
464,313170,0.0,0.0,0.0,0.0,0.0,0.0,0.0,0.0,0.0,0.9056412392794719,0.9142439202779302
465,313190,0.0,0.0,0.0,0.0,0.0,0.0,2.1464294146686984,0.0,0.0,0.0,2.308722353049822
466,313240,0.0,0.0,0.0,1.0414496979795875,0.0,0.0,0.0,0.0,0.0,1.1083402604599613,1.1144544745347151
467,313300,0.0,6.497303618998116,0.0,0.0,0.0,0.0,0.0,0.0,0.0,0.0,0.0
468,313380,0.0,0.0,0.0,0.0,0.0,0.0,0.0,0.0,0.0,0.0,1.1755025273304338
469,313450,0.0,25.471217524197655,0.0,0.0,0.0,0.0,0.0,0.0,0.0,0.0,0.0
470,313505,2.603285346106787,0.0,0.0,0.0,0.0,0.0,0.0,0.0,0.0,0.0,0.0
471,313510,0.0,0.0,0.0,0.0,0.0,1.4277351836781313,1.4797058344801055,0.0,0.0,0.0,0.0
472,313535,0.0,11.516756881262236,0.0,0.0,0.0,0.0,0.0,0.0,0.0,0.0,0.0
473,313560,0.0,0.0,0.0,0.0,0.0,0.0,0.0,0.0,0.0,12.319822594554639,0.0
474,313620,0.0,0.0,0.0,0.0,0.0,0.0,0.0,0.0,0.0,0.0,1.3409139669598797
475,313665,0.0,0.0,0.0,0.0,0.0,0.0,0.0,0.0,0.0,0.0,4.8621578256430205
476,313670,0.7088302528751927,0.3547552277617251,0.8934378774775031,0.1800880270276111,0.7263350946959379,2.564374970234933,3.0463134846970346,5.376230532765245,3.861958167269132,0.7594369534427176,0.960408135041067
477,313700,0.0,0.0,0.0,0.0,0.0,0.0,0.0,0.0,5.882698982293076,0.0,0.0
478,313720,0.0,0.0,0.0,0.0,0.0,0.0,0.0,0.0,0.0,2.1273427361882273,0.0
479,313740,0.0,0.0,0.0,7.72916988715412,0.0,0.0,0.0,0.0,0.0,0.0,0.0
480,313760,0.0,0.0,0.0,0.0,0.0,0.0,0.0,0.0,0.0,0.0,2.114746124727726
481,313820,0.0,0.0,0.9880641846494348,0.0,0.0,1.0186203805565741,0.0,5.363023028820886,1.0849399485738465,0.0,0.0
482,313840,0.0,0.0,0.0,0.0,0.0,0.0,0.0,1.9527436047646947,0.0,0.0,0.0
483,313860,0.0,0.0,17.781992768656277,0.0,0.0,5.973715651135006,6.1667488899852,6.179323981956374,0.0,0.0,12.169891687963977
484,313865,0.0,0.0,0.0,0.0,0.0,0.0,0.0,11.83011948420679,0.0,0.0,0.0
485,313970,0.0,0.0,0.0,0.0,0.0,0.0,0.0,0.0,0.0,0.0,14.011489421325487
486,313980,0.0,0.0,0.0,0.0,0.0,0.0,0.0,0.0,0.0,0.0,8.646031471554558
487,314000,0.0,0.0,0.0,0.0,0.0,0.0,1.8065868155294202,0.0,0.0,0.0,0.0
488,314015,0.0,0.0,0.0,0.0,0.0,0.0,0.0,7.4649148999701405,0.0,0.0,0.0
489,314070,0.0,0.0,0.0,0.0,0.0,0.0,0.0,0.0,3.5898908673176337,0.0,0.0
490,314080,0.0,0.0,0.0,0.0,0.0,0.0,0.0,0.0,14.886490509862298,0.0,0.0
491,314130,0.0,0.0,0.0,0.0,0.0,0.0,0.0,0.0,29.036004645760745,0.0,0.0
492,314160,0.0,0.0,0.0,0.0,0.0,9.299730307821072,0.0,9.622786759045418,0.0,0.0,0.0
493,314330,0.7410993962510252,0.4974790250406067,0.7532237978548186,0.2535818435400025,0.25627095015017476,0.0,0.0,0.2731233015144687,0.2762652256672496,0.27530993015387073,0.8373549631424257
494,314390,0.0,0.0,0.0,0.0,0.0,0.0,0.0,0.0,0.0,1.0037338900710644,2.020079591135891
495,314400,0.0,0.0,0.0,0.0,0.0,0.0,0.0,3.7510784350500765,0.0,0.0,0.0
496,314410,0.0,0.0,0.0,4.758053004710472,0.0,0.0,0.0,0.0,0.0,0.0,0.0
497,314430,0.0,0.0,2.3918867202449294,0.0,0.0,0.0,0.0,0.0,0.0,0.0,0.0
498,314480,0.0,0.0,0.0,0.0,0.0,0.0,2.395008801657346,0.0,0.0,0.0,0.0
499,314540,0.0,0.0,0.0,0.0,0.0,51.0986203372509,0.0,0.0,0.0,0.0,0.0
500,314585,0.0,0.0,21.285653469561517,0.0,0.0,0.0,0.0,0.0,0.0,0.0,0.0
501,314600,0.0,0.0,0.0,0.0,0.0,0.0,3.1354842755463577,0.0,0.0,0.0,0.0
502,314710,0.0,1.0782949999460854,0.0,0.0,0.0,0.0,0.0,0.0,0.0,0.0,0.0
503,314720,0.0,4.633276189593661,0.0,0.0,0.0,0.0,0.0,0.0,0.0,0.0,0.0
504,314740,0.0,0.0,0.0,0.0,0.0,0.0,0.0,0.0,0.0,4.271678769756514,0.0
505,314790,0.0,0.0,0.0,0.0,0.889663884984253,0.0,0.0,0.0,0.0,0.0,0.0
506,314795,0.0,0.0,16.818028927009756,0.0,0.0,0.0,0.0,0.0,0.0,0.0,0.0
507,314830,0.0,0.0,0.0,0.0,0.0,0.0,0.0,0.0,0.0,0.0,0.0
508,314915,0.0,0.0,0.0,0.0,0.0,0.0,0.0,9.59140610013428,0.0,0.0,0.0
509,314930,0.0,1.5664896533358397,0.0,0.0,0.0,0.0,0.0,0.0,3.4073872154831677,0.0,0.0
510,314950,0.0,0.0,0.0,0.0,0.0,0.0,0.0,0.0,63.1911532385466,0.0,0.0
511,314980,6.246486351427322,0.0,0.0,0.0,0.0,0.0,0.0,0.0,0.0,0.0,0.0
512,315010,0.0,0.0,0.0,0.0,0.0,0.0,35.51136363636364,0.0,0.0,32.637075718015666,0.0
513,315130,0.0,0.0,0.0,0.0,0.0,0.0,0.0,0.0,9.203018590097551,0.0,0.0
514,315140,0.0,0.0,0.0,0.0,0.0,0.0,0.0,3.914660403210022,0.0,0.0,0.0
515,315150,0.0,0.0,0.0,0.0,0.0,0.0,0.0,3.113228106223343,0.0,0.0,0.0
516,315180,0.0,0.6021013336544541,0.0,0.0,0.0,0.0,0.0,0.0,1.3115098100933795,0.6602882818638618,2.664978846730404
517,315210,3.355423202751447,0.0,0.0,1.6665277893508874,1.6718493998060653,3.3549166303217364,0.0,0.0,0.0,0.0,0.0
518,315220,0.0,0.0,2.581977794990963,0.0,0.0,0.0,0.0,2.6590794267024753,0.0,2.6425664605464827,0.0
519,315230,0.0,8.89284126278346,0.0,0.0,0.0,0.0,0.0,0.0,0.0,0.0,0.0
520,315250,0.0,0.0,0.0,0.0,0.0,0.0,0.0,0.7550303899731965,0.0,0.0,0.0
521,315360,0.0,0.0,0.0,0.0,0.0,0.0,0.0,0.0,0.0,0.0,10.823682216690118
522,315440,0.0,0.0,20.627062706270628,0.0,0.0,0.0,0.0,0.0,0.0,0.0,0.0
523,315460,0.0,0.6081411860577551,0.0,0.619849438571371,0.0,0.0,0.0,0.0,0.33740923691526975,0.0,0.5881782062329245
524,315500,38.47633705271259,0.0,0.0,0.0,0.0,0.0,0.0,0.0,0.0,0.0,0.0
525,315530,0.0,0.0,0.0,0.0,0.0,0.0,0.0,0.0,0.0,0.0,19.18649270913277
526,315540,0.0,0.0,0.0,11.049723756906078,0.0,0.0,0.0,11.461318051575931,0.0,0.0,0.0
527,315560,0.0,3.2241423781274183,3.238551719670963,0.0,0.0,0.0,0.0,0.0,0.0,0.0,0.0
528,315570,0.0,0.0,0.0,0.0,0.0,0.0,0.0,0.0,0.0,0.0,6.760411032990806
529,315590,0.0,0.0,0.0,18.125793003443903,0.0,0.0,18.814675446848543,0.0,0.0,0.0,0.0
530,315630,0.0,0.0,0.0,0.0,0.0,0.0,0.0,14.322543683758235,0.0,0.0,0.0
531,315670,0.0,0.0,0.0,0.7441472816299801,0.0,0.0,0.0,1.5736012651754172,0.0,0.7924244225207021,0.0
532,315700,0.0,0.0,2.409986986070275,0.0,0.0,0.0,0.0,0.0,0.0,0.0,0.0
533,315780,0.0,0.0,0.0,0.0,0.0,0.0,0.0,0.0,0.9843294747617923,0.8635317585392497,0.43968026451164716
534,315800,0.0,0.0,0.0,0.0,0.0,0.0,0.0,0.0,0.0,0.0,9.272137227630969
535,315990,0.0,0.0,0.0,0.0,0.0,0.0,0.0,0.0,0.0,0.0,0.0
536,316040,0.0,0.0,0.0,0.0,0.0,0.0,0.0,0.0,0.0,0.0,0.0
537,316070,2.14799699280421,0.0,0.0,0.0,0.0,0.0,0.0,4.324698352289928,6.481021408974055,0.0,0.0
538,316110,1.7805316667556932,0.0,0.0,0.0,0.0,0.0,0.0,0.0,0.0,0.0,0.0
539,316250,0.0,0.0,0.0,0.0,0.0,1.1311577399468355,0.0,0.0,0.0,0.0,0.0
540,316270,0.0,0.0,0.0,0.0,0.0,0.0,0.0,0.0,0.0,4.389430251953296,0.0
541,316280,0.0,0.0,0.0,0.0,0.0,0.0,0.0,0.0,0.0,6.152331733727083,0.0
542,316290,0.0,3.768181475619866,0.0,0.0,0.0,0.0,0.0,0.0,0.0,0.0,3.852080123266564
543,316294,0.0,0.0,0.0,0.0,0.0,0.0,0.0,0.0,0.0,0.0,14.287755393627661
544,316340,18.335166850018336,0.0,0.0,0.0,0.0,0.0,0.0,0.0,0.0,0.0,0.0
545,316360,0.0,0.0,0.0,0.0,0.0,0.0,38.095238095238095,0.0,0.0,0.0,0.0
546,316470,0.0,0.0,1.4272257585704906,0.0,0.0,0.0,0.0,0.0,1.5376572254513026,0.0,0.0
547,316570,0.0,0.0,0.0,12.987012987012987,0.0,0.0,0.0,0.0,0.0,0.0,0.0
548,316670,0.0,0.0,0.0,0.0,0.0,11.46788990825688,0.0,0.0,0.0,0.0,0.0
549,316720,0.0,0.0,0.0,0.0,0.0,0.0,0.4575109573874294,0.46210720887245843,0.46713473567180985,0.4437384073341084,1.803719269132952
550,316730,0.0,0.0,0.0,0.0,0.0,0.0,0.0,45.51661356395084,0.0,0.0,0.0
551,316790,0.0,0.0,0.0,0.0,0.0,0.0,0.0,0.0,0.0,0.0,0.0
552,316800,0.0,0.0,2.9783178460805337,0.0,0.0,0.0,3.1789426836634136,0.0,0.0,3.1915233140778096,0.0
553,316850,0.0,0.0,0.0,0.0,0.0,0.0,8.781944322472995,0.0,0.0,0.0,0.0
554,316860,0.0,0.0,0.0,0.0,0.7114045259555941,0.0,0.0,0.0,0.0,0.76618371553131,0.0
555,316870,1.1224604332697272,0.0,0.0,0.0,0.0,0.0,0.0,0.0,0.0,0.0,0.0
556,316900,0.0,0.0,0.0,0.0,0.0,0.0,6.270771932024832,6.294850812035755,0.0,0.0,0.0
557,316990,0.0,0.0,0.8913768206371562,0.0,0.0,0.0,0.0,0.0,0.9855518104586758,1.0029285513700004,0.0
558,317010,0.0,0.0,0.0,0.0,0.31366349552872685,0.0,0.0,0.3340448488614082,0.0,0.337540209477454,0.0
559,317020,0.0,0.0,0.0,0.0,0.15274614659658672,0.30927532153035614,0.0,0.0,0.0,0.0,0.0
560,317070,0.0,0.7442469709148284,0.0,0.0,0.0,0.0,0.0,0.8053993975612507,0.0,0.0,0.0
561,317090,0.0,0.0,5.0730519480519485,0.0,0.0,0.0,0.0,0.0,0.0,0.0,0.0
562,317120,0.0,0.0,0.8298066550493736,0.8434761338427929,0.0,0.0,0.0,0.9373388948774429,0.0,0.0,0.0
563,317130,0.0,1.275819395006443,0.0,0.0,0.0,0.0,0.0,0.0,0.0,0.0,0.0
564,317200,0.0,2.384813507583707,0.0,0.0,0.0,0.0,2.5807117603034917,0.0,0.0,0.0,2.715472763808179
565,320016,0.0,8.408307407718826,0.0,0.0,0.0,0.0,0.0,0.0,0.0,0.0,0.0
566,320020,0.0,0.0,0.0,0.0,0.0,0.0,3.2651995036896753,0.0,0.0,0.0,0.0
567,320040,0.0,0.0,0.0,0.0,0.0,3.751219146222522,4.062398440038999,0.0,0.0,0.0,0.0
568,320060,0.0,0.0,0.0,0.0,0.0,0.0,1.184427151808028,0.0,0.0,0.0,0.0
569,320120,0.4823368254519496,0.0,0.0,0.0,0.0,0.0,0.520410499802244,0.5234451063117012,0.5266539567511771,0.9937443791333554,0.0
570,320130,0.2641289160413414,0.2581524545135375,0.2599962040554208,0.0,0.0,0.531951677509615,0.8512304536207088,1.4260656275401793,0.5731759392204234,0.8199880281747886,0.5520637523221181
571,320150,0.0,0.0,0.0,0.0,0.0,0.0,0.8845330550002654,0.0,0.0,0.0,0.9032362956473042
572,320160,0.0,0.0,0.0,0.0,0.0,3.2616849864640076,3.478865889719951,0.0,0.0,0.0,0.0
573,320170,0.0,0.0,0.0,0.0,0.0,0.0,0.0,0.0,0.0,0.0,8.494011721736177
574,320190,0.0,0.0,0.0,0.0,0.0,0.0,3.1209038137444605,0.0,0.0,0.0,0.0
575,320240,0.0,0.0,0.0,0.0,0.0,0.0,0.9273340999295226,0.9382359288066577,0.0,0.0,0.0
576,320245,0.0,0.0,0.0,0.0,0.0,4.0691759918616475,0.0,0.0,0.0,0.0,0.0
577,320260,0.0,0.0,0.0,0.0,0.0,0.0,0.0,0.0,0.0,8.402655239055541,0.0
578,320290,0.0,0.0,0.0,0.0,0.0,0.0,0.0,0.0,0.0,0.0,9.305788200260562
579,320305,0.0,0.0,0.0,0.0,0.0,3.623319685495851,0.0,0.0,0.0,0.0,0.0
580,320320,0.0,0.0,0.0,0.0,0.0,0.6336573434549534,0.6866292682591888,0.0,0.0,0.0,0.7639361043842293
581,320330,0.0,0.0,0.0,0.0,0.0,6.75310642895732,0.0,0.0,0.0,0.0,0.0
582,320334,0.0,0.0,0.0,0.0,0.0,0.0,0.0,0.0,7.01803635342831,0.0,0.0
583,320360,0.0,0.0,0.0,0.0,0.0,16.923337282112033,0.0,0.0,0.0,0.0,0.0
584,320390,0.0,0.0,0.0,1.9883087445818588,0.0,0.0,0.0,0.0,0.0,0.0,0.0
585,320400,0.0,0.0,4.244662337111083,0.0,0.0,0.0,4.603627658594974,0.0,4.646840148698884,0.0,0.0
586,320420,0.0,0.0,0.0,0.0,0.0,0.0,0.0,0.0,0.0,0.0,0.0
587,320425,0.0,0.0,0.0,0.0,0.0,13.175230566534914,0.0,0.0,0.0,0.0,0.0
588,320430,0.0,0.0,0.0,0.0,0.0,0.0,9.588647041902387,0.0,0.0,0.0,0.0
589,320440,0.0,0.0,0.0,0.0,0.0,0.0,0.0,0.0,8.823788934968675,0.0,0.0
590,320455,0.0,0.0,0.0,0.0,0.0,0.0,0.0,2.8909253852158074,2.925858739540055,0.0,0.0
591,320460,0.0,0.0,0.0,0.0,0.0,4.267668146124957,0.0,0.0,0.0,0.0,0.0
592,320490,0.0,0.0,0.0,2.408187838651415,0.0,0.0,0.0,0.0,0.0,0.9841260468640823,0.0
593,320495,0.0,0.0,0.0,0.0,0.0,8.210854749979474,0.0,0.0,0.0,0.0,0.0
594,320500,0.0,0.3979165091580485,0.8095379764383971,0.20602584388185652,0.4197906084445079,0.21398704950376404,0.47329548547101186,0.48073571794273956,0.0,0.24710394180207962,0.2517458575219145
595,320501,0.0,0.0,0.0,0.0,0.0,0.0,0.0,0.0,0.0,0.0,4.29774798005845
596,320506,0.0,0.0,0.0,0.0,0.0,4.371966947929874,0.0,4.813246053138236,0.0,0.0,0.0
597,320510,0.0,0.0,0.0,0.0,0.0,0.0,1.4982395685070042,1.517727051966974,0.0,1.6439527199197752,1.6613779468691332
598,320515,0.0,0.0,0.0,0.0,0.0,0.0,0.0,0.0,0.0,0.0,11.038745998454576
599,320520,0.0,0.2055971775619464,0.0,0.21152292273913723,0.0,0.43621548172366187,1.6472603706806481,0.47635606663268654,0.4826021910139472,1.209049493650072,0.24535120798667254
600,320530,0.0,0.0,0.0,0.0,0.28400699793242906,0.0,0.6003085585991199,0.6050961195185856,0.30726402890739984,0.6246954609627806,0.943939436845732
601,330010,0.0,0.0,0.0,0.0,0.0,0.5510066892212071,0.0,0.0,0.0,0.0,0.0
602,330030,1.0003100961298004,0.0,0.0,0.0,0.0,0.0,0.0,0.0,0.0,3.8523398148950716,0.9757335076643867
603,330045,0.0,0.0,0.0,0.41569065963872326,0.0,0.0,0.0,0.0,0.0,0.0,0.20173736216294727
604,330070,0.0,0.0,0.0,0.0,0.0,0.0,0.0,0.0,0.0,0.0,1.1072051374318377
605,330080,0.0,0.0,0.0,0.0,0.0,0.0,0.0,0.0,0.0,0.0,1.7690035203170056
606,330093,0.0,0.0,0.0,0.0,0.0,0.0,0.0,0.0,0.0,8.375910880308233,8.568246080027418
607,330095,0.0,0.0,0.0,0.0,0.0,0.0,0.0,0.0,0.0,11.313497001923293,0.0
608,330100,0.0,0.2039617530920602,0.0,0.0,0.0,0.0,0.21172983273343213,0.0,0.21572878577052929,0.6912314980369025,1.3894067001822439
609,330170,0.0,0.0,0.11275012205200713,0.0,0.22768618468537186,0.11442681890010653,0.0,0.0,0.0,0.0,0.34706475765624856
610,330180,0.0,0.0,7.395902669920864,0.0,0.0,0.0,0.0,0.0,0.0,0.0,0.0
611,330185,0.0,0.0,0.0,0.0,0.0,0.0,0.0,0.0,0.0,0.0,0.0
612,330190,0.0,0.0,0.43330184673247074,0.4366678747811202,0.0,0.0,0.0,0.0,0.9170525929662067,0.0,0.8876698223328852
613,330200,0.0,0.0,0.0,0.0,0.0,0.0,0.0,0.0,0.0,0.0,0.9660435685649422
614,330227,0.9619084263178145,0.0,0.0,0.0,0.0,0.0,0.0,0.0,0.0,0.0,0.9994503023337165
615,330240,0.0,0.0,0.0,0.0,0.0,0.0,0.0,0.0,0.0,0.0,0.529697489763596
616,330250,0.41041299860049163,0.0,0.0,0.0,0.0,0.0,0.0,0.0,0.0,0.0,0.0
617,330270,0.0,0.0,0.0,0.0,0.0,0.0,0.0,0.0,0.0,0.0,0.8387080541134437
618,330330,0.0,0.20038955729939,0.0,0.20133039122521623,0.0,0.20234722784297857,0.0,0.0,0.20520102518432184,0.0,0.8369741709770836
619,330350,0.0,0.12521176439653564,0.1254020703881821,0.24768047237619692,0.12404223886317768,0.0,0.0,0.0,0.0,0.11559504282218362,0.3506721215663355
620,330360,1.929943066679533,0.0,0.0,0.0,0.0,0.0,0.0,0.0,0.0,0.0,0.0
621,330390,0.32713200103373713,0.6706121011953661,0.3353926441685281,0.0,0.0,0.0,0.0,0.0,0.0,0.0,0.6394556953121503
622,330400,0.0,0.0,0.0,0.0,0.0,0.0,0.0,0.0,0.0,0.0,3.8816862044872296
623,330414,0.6699494188188791,0.68782413712462,0.0,0.0,0.0,0.0,0.0,0.0,0.0,0.7174733458652012,0.7253209545223761
624,330420,0.0,0.0,0.0,0.0,0.0,0.0,1.638431038437592,0.8268699664290793,0.0,0.0,0.0
625,330450,0.0,0.0,0.0,0.0,0.0,0.0,0.0,0.0,0.0,0.0,11.512779184895233
626,330452,0.0,0.708631844497828,0.0,1.515427047341941,0.0,0.0,0.0,0.0,0.0,0.0,0.0
627,330455,0.19435105211942064,0.16870477370095024,0.0769368426997015,0.0,0.07747515294369943,0.031104571547746374,0.06259496830347293,0.09439975053292592,0.04744555503945335,0.016163679888018024,0.3408511572789495
628,330475,0.0,0.0,0.0,0.0,0.0,0.0,0.0,0.0,0.0,0.0,2.1165364996719367
629,330480,0.0,0.0,0.0,0.0,0.0,0.0,0.0,0.0,2.6629030969563017,0.0,0.0
630,330490,0.0,0.0952538801668086,0.0,0.0,0.0,0.09751274247762326,0.0,3.6703982382088456,4.200415841168276,2.6226015804200604,1.5262018330701483
631,330510,0.21191469162174076,0.0,0.0,0.43419267299864317,0.0,0.21701435984019063,0.217362007729393,0.0,0.0,0.0,0.21353422633346786
632,330520,0.0,0.0,0.0,0.0,0.0,0.0,0.0,0.0,0.0,0.0,1.2055309761184314
633,330575,0.0,0.0,0.0,0.0,0.0,0.0,0.0,0.0,0.0,0.0,9.95388035435814
634,330610,0.0,0.0,0.0,0.0,0.0,0.0,0.0,0.0,0.0,0.0,0.0
635,330630,0.0,0.0,0.0,0.0,0.0,0.0,0.38434929664078715,0.0,0.0,0.0,0.38489517379941574
636,350030,0.0,0.0,0.0,0.0,0.0,0.0,0.0,0.0,0.0,0.0,0.0
637,350070,0.0,0.0,0.0,0.0,0.0,0.0,0.0,0.0,0.0,0.0,2.7876895628902765
638,350160,0.0,0.0,0.0,0.0,0.0,0.0,0.0,0.0,0.47460619550927613,5.847126868035219,0.0
639,350190,0.0,0.0,0.0,0.0,0.0,0.0,0.0,0.0,0.0,0.0,0.0
640,350250,0.0,0.0,0.0,0.0,0.0,0.0,0.0,0.0,0.0,0.0,2.673439379762064
641,350300,17.905102954341988,0.0,0.0,0.0,0.0,0.0,0.0,0.0,0.0,0.0,0.0
642,350310,0.0,0.0,0.0,0.0,0.0,0.0,16.307893020221787,0.0,0.0,0.0,0.0
643,350320,0.0,0.43333188889370367,0.0,0.44148551044554724,0.0,0.0,0.0,0.4746692741832128,0.9581985866570846,0.0,0.0
644,350410,0.0,0.0,0.0,0.0,0.0,0.0,0.7757109390756628,0.0,0.0,0.0,0.0
645,350420,0.0,0.0,0.0,0.0,0.0,0.0,0.0,0.0,0.0,6.960879855213699,0.0
646,350440,0.0,0.0,0.0,0.0,0.0,0.0,0.0,0.0,8.840951286358411,0.0,0.0
647,350450,0.0,0.0,0.0,1.1314137014199241,0.0,0.0,0.0,0.0,0.0,0.0,0.0
648,350550,0.0,0.0,0.0,0.0,0.0,0.0,0.0,0.0,0.8920447449644074,0.0,0.0
649,350570,0.0,0.0,0.3774510729046747,0.0,0.0,0.3894748321363473,0.0,0.0,0.0,0.0,0.0
650,350600,0.0,0.0,0.0,0.27248550377119934,0.0,0.0,0.0,0.2889530364629837,0.5813294423015996,0.0,1.1246221972306178
651,350640,0.0,0.0,0.0,0.0,0.0,0.0,0.0,0.0,0.0,0.0,0.0
652,350660,0.0,0.0,0.0,0.0,0.0,0.0,0.0,0.0,0.0,0.0,0.0
653,350750,0.6905123601712471,0.7015279278268068,0.0,0.0,0.0,0.0,0.0,0.0,0.0,0.0,0.0
654,350790,0.0,0.0,0.0,0.0,0.0,0.0,0.0,0.0,0.0,0.0,0.0
655,350840,0.0,0.0,0.0,0.0,0.0,2.2167050895548854,0.0,0.0,7.204091924212952,0.0,0.0
656,350900,0.0,1.0180914857009051,0.0,0.0,0.0,0.0,0.0,0.0,0.0,0.0,0.0
657,350950,0.0,0.08457167407091673,0.17044921891645431,0.0,0.0,0.08734677192534995,0.27306736571912293,0.45855320959733525,0.27752107078729954,0.5635554336606026,0.9463925409125495
658,350960,0.0,0.0,0.0,0.0,0.0,0.0,0.0,1.3356662971323245,2.6985454839841325,4.007320037935963,2.7069093862082965
659,351000,0.0,0.0,0.0,0.0,0.0,0.0,0.0,0.0,0.0,0.0,6.522731720044354
660,351020,0.0,4.213808650949161,0.0,0.0,0.0,0.0,0.0,0.0,0.0,0.0,0.0
661,351050,0.8359456635318704,0.0,0.0,0.0,0.0,0.0,0.9601536245799328,0.0,0.0,7.28218465539662,6.342628808220047
662,351060,0.5017423001372265,0.0,0.0,0.0,0.0,0.0,0.0,0.0,0.0,0.2546466650199516,0.0
663,351080,0.0,0.0,0.0,0.0,0.0,0.0,0.0,0.0,0.0,0.0,3.5608731260905175
664,351260,0.0,0.0,0.0,0.0,0.0,0.0,0.0,0.0,0.0,0.0,18.6219739292365
665,351300,0.0,0.0,0.42790633986033133,0.0,0.0,0.0,0.0,0.0,0.0,0.0,0.0
666,351350,0.0,0.0,0.0,0.0,0.0,0.0,1.662607134247213,0.0,0.0,0.0,0.0
667,351370,0.0,0.0,0.0,0.0,0.0,0.0,0.0,3.2030749519538757,0.0,0.0,0.0
668,351380,0.2375669344837908,0.0,0.24085938629028372,0.0,0.0,0.0,0.0,0.0,0.0,0.0,0.0
669,351410,0.0,0.0,0.0,0.0,0.0,0.0,0.0,0.0,0.0,0.0,3.8860607002681378
670,351500,0.0,0.0,0.0,0.0,0.0,0.0,0.0,0.0,0.0,0.0,0.4080083886524707
671,351518,0.0,0.0,0.0,0.0,0.0,0.0,0.0,0.0,0.0,0.0,0.0
672,351550,0.0,0.0,2.9240193570081434,0.0,0.0,0.0,0.0,0.0,0.0,0.0,1.5769388463115401
673,351570,0.0,0.0,0.5353089803434542,0.0,0.0,0.0,0.0,0.0,0.0,0.0,0.5683788131113624
674,351620,0.0,0.0,0.0,0.0,0.0,0.0,0.0,0.0,0.31369104568910083,0.0,0.0
675,351870,0.0,0.31689393243187575,0.0,0.0,0.0,0.0,0.0,0.0,0.0,0.0,0.0
676,351880,0.07321185534215927,0.0,0.14957889800738472,0.0,0.0,0.0,0.0,0.40537166095362875,0.0,0.0,0.0
677,351900,0.0,0.0,0.0,0.0,0.0,0.0,0.0,0.0,0.0,0.0,11.077877478675086
678,351960,0.0,0.0,0.0,0.0,0.0,0.0,1.8468584937022126,0.0,0.0,3.763076691502973,0.0
679,351980,0.0,0.0,0.0,0.0,0.0,0.0,13.215276860050219,0.0,0.0,0.0,0.0
680,352040,0.0,0.0,0.0,0.0,0.0,0.0,0.0,3.476930565696603,0.0,0.0,0.0
681,352050,0.0,0.0,0.0,0.0,0.0,0.4503652462146801,0.9530208378006185,0.0,0.0,0.0,0.5539429660322174
682,352070,0.0,0.0,0.0,25.195263290501387,0.0,0.0,0.0,0.0,0.0,0.0,0.0
683,352090,0.0,0.0,0.0,0.0,0.0,0.0,0.0,0.0,0.0,0.0,7.395902669920864
684,352180,0.0,0.0,0.0,0.0,0.0,0.0,0.0,0.0,0.0,0.0,4.19674332717811
685,352210,0.0,0.0,0.0,1.0392633701232565,0.0,0.0,0.0,1.1336069104677262,0.0,0.0,0.0
686,352220,0.0,0.0,0.0,0.5979573775981248,0.0,0.0,0.0,0.0,0.0,0.0,0.0
687,352230,0.0,0.6247266820765915,0.630672107264712,0.0,0.0,0.0,0.0,0.0,0.6924440505207179,0.0,0.0
688,352250,0.0,0.0,0.0,0.0,0.0,0.0,0.0,0.0,0.4978245069048259,0.0,0.49506175895442955
689,352260,0.0,0.0,0.0,0.0,0.0,0.0,1.4426475467778466,0.0,0.0,0.0,2.783576896311761
690,352290,0.0,0.0,0.0,0.0,0.0,7.678722260615834,0.0,0.0,0.0,0.0,0.0
691,352310,0.5456743033785424,0.0,0.0,0.0,0.0,0.0,0.0,0.0,0.0,0.0,0.0
692,352340,0.8397010664203544,0.0,0.0,0.0,0.0,0.0,0.0,0.0,0.0,0.0,1.0260409185118302
693,352400,0.0,0.0,0.0,0.0,0.0,0.0,0.0,0.0,2.230897936419409,4.710537472325592,0.0
694,352410,0.0,0.0,0.0,0.0,0.0,0.0,0.0,0.0,0.0,0.0,4.9401012720760775
695,352430,0.0,0.0,0.0,0.0,0.0,0.0,0.0,1.3891011126699913,0.0,0.0,0.0
696,352440,0.0,0.0,0.0,0.0,0.0,0.0,0.0,0.0,0.0,0.0,0.4739606043945627
697,352460,0.0,0.0,0.0,0.0,0.0,0.0,0.0,0.0,0.0,0.0,0.0
698,352520,0.0,0.0,0.0,0.0,0.0,0.0,0.0,0.0,8.393838922231083,8.763473841030585,0.0
699,352530,0.6730335641838459,0.0,0.0,0.0,0.0,0.0,0.0,0.0,0.0,0.0,1.498475301380845
700,352590,0.0,0.0,0.24646325232907776,0.0,0.0,0.5077173030056864,0.0,0.802755055349961,5.401740981118214,6.286989646471141,1.7254369669118705
701,352640,0.0,0.0,0.0,0.0,0.0,0.0,0.0,0.0,0.0,0.0,0.0
702,352670,0.0,0.0,0.0,0.0,0.0,1.0255884313624943,1.0704689724568333,0.0,0.0,0.0,0.0
703,352690,0.0,0.0,0.0,0.0,0.0,0.0,0.0,0.0,0.0,0.0,2.15226561827417
704,352700,0.0,0.0,0.0,0.0,0.0,0.0,0.0,0.0,14.90757304710793,0.0,0.0
705,352710,0.0,0.0,0.0,0.0,0.0,0.0,0.0,0.0,0.0,0.0,2.7560357182229085
706,352730,0.0,0.0,0.0,0.0,0.0,0.0,0.0,0.0,0.0,0.0,0.0
707,352740,0.0,0.0,0.0,0.0,0.0,0.0,0.0,0.0,0.0,0.0,0.0
708,352900,0.0,0.0,0.0,0.43102333560338957,0.0,0.0,0.0,0.0,0.0,0.0,0.895038799931977
709,352940,0.0,0.0,0.0,0.0,0.0,0.0,0.0,0.0,0.0,0.0,0.24227564669426996
710,352970,0.0,0.0,4.576240161083654,0.0,0.0,0.0,0.0,0.0,0.0,0.0,0.0
711,353050,0.0,0.0,0.0,0.0,0.0,0.0,0.0,0.0,0.0,0.0,0.0
712,353060,0.4537524190675842,0.2304673185818885,0.23292594585403464,0.0,0.2381865429366972,0.0,0.0,0.2549745535395567,0.0,0.0,0.0
713,353070,0.0,0.0,0.0,2.037586682333444,0.0,0.0,0.7183340396951391,2.170060400014467,0.0,1.4302468606081409,0.7220529409216284
714,353080,0.0,0.0,0.0,1.093099264344195,0.0,0.0,5.729608323974973,1.150853933618745,0.0,0.0,7.972665148063782
715,353110,0.0,0.0,0.0,0.0,0.0,0.0,0.0,0.0,0.0,0.0,2.310322521023935
716,353190,0.0,0.0,0.0,0.0,0.0,0.0,0.0,3.401360544217687,0.0,0.0,0.0
717,353240,0.0,5.518459246178467,0.0,0.0,0.0,0.0,0.0,0.0,0.0,0.0,0.0
718,353390,0.0,0.0,0.0,0.0,0.0,0.0,3.9502271380604386,0.0,0.0,0.0,1.9914368216668328
719,353430,0.0,2.3091488477347246,0.0,0.0,0.0,0.0,0.0,0.0,0.0,0.0,0.0
720,353440,0.0,0.0,0.0,0.14391719580222323,0.0,0.2891627581500523,0.0,0.0,0.15004448819074856,0.0,0.14023947292396496
721,353470,0.0,0.0,0.9004466215242761,0.0,0.0,0.0,0.0,0.0,0.0,0.0,0.0
722,353520,0.0,0.0,0.0,0.0,0.0,0.0,0.0,0.0,0.0,0.0,0.0
723,353580,10.0035012254289,0.0,0.0,0.0,0.0,0.0,0.0,0.0,0.0,0.0,0.0
724,353650,0.0,0.0,0.0,0.0,0.0,0.0,0.0,0.0,0.0,0.0,1.2263317963308153
725,353710,0.0,0.0,0.0,0.0,0.0,0.0,0.0,2.378404090855036,0.0,0.0,0.0
726,353730,0.0,0.0,0.0,0.0,0.0,0.0,0.0,0.0,0.0,0.0,1.6896743997431696
727,353740,0.0,0.0,11.637379262190155,3.8809329762874993,0.0,0.0,0.0,0.0,0.0,4.036001130080316,8.057693082470488
728,353750,0.0,0.0,12.03079884504331,0.0,0.0,0.0,0.0,0.0,0.0,0.0,0.0
729,353780,0.0,0.0,0.0,0.0,0.0,0.0,0.0,0.0,0.0,0.0,2.0158445380692243
730,353790,0.0,3.482136639041716,0.0,0.0,0.0,0.0,0.0,0.0,0.0,0.0,0.0
731,353800,0.0,0.0,0.0,0.0,0.0,0.0,0.0,0.0,0.0,0.0,0.6993153702525228
732,353850,0.0,0.0,0.0,0.0,0.0,0.0,0.0,7.130633200228179,0.0,0.0,0.0
733,353870,0.0,0.0,0.2535374817136091,0.0,0.0,0.0,0.27032945050132595,0.0,0.27406871450810144,0.0,0.0
734,353880,0.0,0.0,0.0,0.0,0.0,0.0,0.0,0.0,0.0,0.0,0.0
735,353890,0.0,0.0,0.0,0.0,0.0,0.0,0.0,4.365858982754857,0.0,0.0,4.542563823021713
736,353930,0.0,0.0,0.0,0.0,1.3490179149579107,0.0,0.0,0.0,0.0,0.0,0.0
737,354020,0.0,0.0,2.1359306249733008,0.0,0.0,0.0,0.0,0.0,2.4847807181016277,0.0,0.0
738,354060,0.0,0.0,1.9149384347293235,0.0,0.0,0.0,0.0,0.0,0.0,0.0,0.0
739,354075,0.0,0.0,0.0,0.0,0.0,0.0,0.0,0.0,0.0,0.0,0.0
740,354080,0.0,0.0,0.0,5.984798611526722,0.0,0.0,0.0,0.0,0.0,0.0,0.0
741,354090,0.0,0.0,0.0,0.0,0.0,5.241914347119568,0.0,0.0,0.0,0.0,0.0
742,354100,0.0,0.0,0.0,0.0,0.0,0.0,0.0,0.0,0.0,0.0,1.6357710411273736
743,354140,0.0,0.0,0.0,0.0,0.0,0.0,0.4753009843483386,0.0,0.0,0.0,0.0
744,354160,0.0,0.0,0.0,0.0,0.0,0.0,0.0,2.775850104094379,0.0,0.0,0.0
745,354260,0.0,1.77210703526493,0.0,0.0,0.0,0.0,0.0,0.0,0.0,0.0,0.0
746,354340,0.0,0.14656266579901567,0.14827885321134926,0.0,0.0,0.0,0.0,0.3266159323251788,0.0,0.17758614259812078,0.1791678013960755
747,354390,0.4882884026621484,0.4927273443967046,0.4963444233222318,0.0,0.5039992339211644,0.0,0.0,0.0,0.0,0.0,0.0
748,354420,0.0,0.0,0.0,0.0,0.0,0.0,0.0,0.0,0.0,0.0,9.64785335262904
749,354520,0.850622230161363,0.0,0.0,0.0,0.0,0.0,0.0,0.0,0.0,0.0,1.8438107881369215
750,354530,0.0,0.0,0.0,0.0,0.0,0.0,0.0,0.0,0.0,0.0,0.0
751,354540,0.0,0.0,0.0,0.0,0.0,0.0,0.0,11.345586566825505,0.0,0.0,0.0
752,354580,0.0,0.0,0.0,0.0,1.5853471646065962,0.5310618049728627,0.0,2.7659150753435267,1.1101982814130604,0.0,0.0
753,354600,0.0,0.0,0.0,0.0,0.0,6.946856547412296,0.0,0.0,0.0,7.204091924212952,0.0
754,354660,0.0,0.0,0.0,0.0,0.0,0.0,0.0,0.0,0.0,0.0,0.0
755,354780,0.0,0.0,0.0,0.0,0.0,0.0,0.1469516352777974,0.0,0.0,0.14850103059715233,0.14887687287106072
756,354850,0.0,0.0,0.0,0.0,0.0,0.0,0.0,0.0,0.2382330729445846,0.23975180892739836,0.718531895630847
757,354860,0.0,0.0,0.0,0.0,0.0,0.0,0.0,0.0,0.0,0.0,0.0
758,354870,0.3600403245163458,0.24171024500958985,0.0,0.0,0.0,0.12408564391142766,0.0,0.0,0.2613685518744699,0.0,0.0
759,354890,0.4009381953771826,0.0,0.0,0.0,0.0,0.0,0.0,0.0,0.0,0.0,0.0
760,354910,0.0,0.0,0.0,0.0,0.0,0.0,0.0,0.0,0.0,0.0,0.0
761,354980,0.21918048416968952,0.0,0.0,0.0,0.0,0.0,0.0,0.0,0.0,0.0,0.2413873010968639
762,355000,0.0,0.0,0.0,0.0,0.0,0.0,0.0,0.0,0.0,9.167583425009168,9.19793966151582
763,355020,0.0,0.0,0.0,0.0,0.0,0.0,0.0,0.0,0.0,0.0,0.0
764,355030,0.07391064334616149,0.08259739058323669,0.016613813970971513,0.033422948614305434,0.02521878769420673,0.050753378927349324,0.035159626903619116,0.017673903924128053,0.07114672241723835,0.08153951681313126,0.03639589967433859
765,355040,0.0,0.0,0.0,0.0,0.0,2.972828348891135,0.0,0.0,0.0,0.0,0.0
766,355070,3.4248139184437645,2.3381421122775845,1.1863240562792132,1.2045290291496025,0.0,6.220530237997487,2.6197212616577596,5.321767358939904,5.417631682310078,2.7162472328231315,1.3843512929841078
767,355100,0.0,0.0,0.0,0.28126072306506683,0.0,0.0,0.0,0.0,0.0,0.0,0.3043936174746288
768,355170,0.0,0.0,0.0,0.0,0.0,0.0,0.0,0.8988198495375572,0.0,0.0,0.0
769,355220,0.0,0.0,0.0,0.0,0.0,0.0,0.16647466588534557,0.0,0.1705579462094349,0.0,0.0
770,355240,0.0,0.0,0.0,0.0,0.0,0.0,0.0,0.41159038524860064,0.0,0.0,0.0
771,355255,0.0,52.13764337851929,0.0,0.0,0.0,0.0,0.0,0.0,0.0,0.0,0.0
772,355270,0.0,0.0,0.0,6.296832693155343,0.0,0.0,0.0,0.0,0.0,0.0,0.0
773,355280,0.0,0.0,0.0,0.0,0.3726879372095363,0.0,0.39744364249149466,0.40301942150592235,0.0,0.0,0.0
774,355360,0.0,0.0,0.0,0.0,0.0,0.0,0.0,0.0,0.0,0.0,0.0
775,355370,5.264635687210445,1.7558954188688523,1.7614627186415601,7.068761376287839,3.5462250434412566,0.0,0.0,0.0,0.0,0.0,5.417900744058369
776,355400,0.0,0.0,0.0,0.0,0.0,0.0,0.0,0.0,0.9261403102570039,0.0,0.9289277387112056
777,355410,0.0,0.0,0.0,0.33076330247311725,0.0,0.0,0.0,0.0,0.0,0.0,0.36911537808488176
778,355420,0.0,0.0,0.0,21.05263157894737,0.0,0.0,0.0,0.0,0.0,0.0,0.0
779,355540,0.0,0.0,0.0,0.0,0.0,0.0,0.0,0.0,0.0,0.0,1.2525991432221861
780,355570,0.0,0.0,0.0,0.0,0.0,0.0,0.0,0.0,0.0,0.0,0.0
781,355620,0.0,0.0,0.0,0.0,0.0,0.0,0.0,0.0,0.9348590232592925,0.9303970004000707,0.0
782,355640,2.348906583985155,0.0,0.0,0.0,0.0,0.0,0.0,0.0,0.0,0.0,0.0
783,355650,0.0,0.0,0.0,0.0,0.8665285997764356,0.0,0.9153569434400946,0.9243340173405062,1.866611912717227,3.730960442491908,1.8876116050361476
784,355670,0.0,0.0,0.0,0.0,0.0,0.0,0.0,1.5415446277169724,0.0,0.0,0.0
785,355710,0.0,0.0,0.0,0.0,0.0,0.0,0.0,0.0,1.1802473798508166,0.0,0.0
786,355730,0.0,0.0,0.0,0.0,0.0,9.372949667260286,0.0,0.0,0.0,0.0,0.0
787,410020,0.0,0.0,0.0,0.0,0.0,0.0,15.92103168285305,0.0,0.0,0.0,0.0
788,410040,0.0,0.0,0.0,0.0,0.0,0.0,0.0,0.0,0.0,0.0,2.0674185178676647
789,410110,0.0,0.0,0.0,0.0,0.0,0.0,0.0,0.0,0.0,0.0,0.0
790,410120,0.0,0.0,0.0,0.0,0.0,0.0,0.0,0.0,0.0,0.0,5.5894024928735115
791,410140,0.0,0.0,0.0,0.0,0.0,0.0,0.0,0.0,0.8272393368849476,1.6489405556929675,1.6648214895157865
792,410150,0.0,0.0,0.0,0.0,0.0,0.0,0.0,0.0,0.0,0.0,0.9855420974306917
793,410180,0.0,0.0,0.0,0.0,0.0,0.0,0.8138153290255374,0.8262277744728667,0.0,0.0,2.5895778124973026
794,410190,0.0,6.250390649415588,0.0,0.0,0.0,0.0,0.0,0.0,0.0,0.0,0.0
795,410230,0.0,7.935248373274083,0.0,0.0,0.0,0.0,0.0,0.0,0.0,0.0,0.0
796,410240,0.0,3.078249091916518,3.071064430931761,6.127638714421397,0.0,0.0,0.0,0.0,0.0,0.0,0.0
797,410280,12.991230919129586,0.0,0.0,0.0,0.0,0.0,0.0,0.0,0.0,0.0,0.0
798,410304,0.0,0.0,0.0,0.0,0.0,0.0,0.0,0.0,0.0,0.0,14.384349827387801
799,410320,0.0,0.0,0.0,0.0,0.0,0.0,0.0,0.0,0.0,0.0,15.073861923424781
800,410330,0.0,0.0,0.0,0.0,0.0,0.0,0.0,0.0,12.695188523549575,0.0,0.0
801,410340,0.0,0.0,0.0,34.80682213713888,0.0,0.0,0.0,0.0,0.0,0.0,0.0
802,410360,0.0,3.9368528798078817,0.0,0.0,0.0,0.0,0.0,0.0,0.0,0.0,4.015741707493374
803,410370,0.9460379928857944,1.8984878544239514,0.9560960685329662,2.8895609793685346,0.9705345704413991,0.9782629962239048,0.0,0.0,0.0,0.0,0.0
804,410410,0.0,12.773023374632777,0.0,0.0,0.0,0.0,0.0,0.0,0.0,0.0,0.0
805,410420,0.0,0.7854904209443166,0.0,0.0,0.0,0.8282945415389712,3.46812790455712,1.7562037898877785,0.8889995199402592,2.665529374133703,1.8051193183869456
806,410425,0.0,0.0,0.0,0.0,0.0,0.0,0.0,0.0,4.026413271058142,0.0,0.0
807,410430,1.0614359104997242,0.0,0.0,0.0,0.0,0.0,0.0,0.0,2.2912919449631675,1.164198565707367,0.0
808,410450,0.0,0.0,0.0,0.0,0.0,0.0,0.0,0.0,0.0,0.0,0.0
809,410490,0.0,0.0,0.0,0.0,0.0,0.0,0.0,0.0,0.0,0.0,1.47693034796479
810,410510,0.0,0.0,8.8660342228921,0.0,0.0,0.0,0.0,0.0,0.0,0.0,0.0
811,410580,0.41521341969772463,0.0,0.0,0.0,0.0,0.0,0.0,0.0,0.0,0.40441949625507545,0.41407010206828015
812,410640,0.0,0.0,0.0,2.0596898107145063,0.0,0.0,0.0,0.0,0.0,0.0,0.0
813,410680,0.0,0.0,5.302789267154523,0.0,0.0,0.0,0.0,0.0,0.0,0.0,5.260112566408922
814,410690,0.0,0.2620052097115899,0.05279839408404553,0.0,0.16090829514443128,0.21633947124469832,0.11256437978996613,0.0,0.11448878467865288,0.5942043468748903,1.0940368427847176
815,410725,0.0,0.0,0.0,0.0,0.0,0.0,0.0,0.0,13.430029546065002,0.0,0.0
816,410755,0.0,0.0,29.806259314456035,0.0,0.0,0.0,0.0,0.0,0.0,0.0,0.0
817,410760,0.0,0.0,0.0,0.0,0.0,0.0,0.0,0.0,0.0,6.2375249500998,0.0
818,410765,0.0,0.0,1.066894270777766,2.1691032926987983,0.0,0.0,2.366471827152898,2.406217666450107,0.0,1.2365830736508878,2.5235000946312534
819,410775,0.0,0.0,12.162490878131841,0.0,0.0,0.0,0.0,0.0,0.0,0.0,0.0
820,410780,20.189783969311527,0.0,0.0,0.0,0.0,0.0,0.0,0.0,0.0,0.0,0.0
821,410830,0.0,0.7574495159897593,0.0,0.0,0.0,0.0,0.0,0.7815552950371238,0.0,0.0,0.0
822,410832,0.0,0.0,0.0,15.58846453624318,0.0,0.0,0.0,0.0,0.0,0.0,0.0
823,410860,0.0,0.0,0.0,0.0,0.0,0.0,0.0,0.0,0.0,0.0,3.3633795237454596
824,410940,0.0,0.0,0.0,0.5614003570506271,0.0,0.0,0.0,0.0,0.0,0.0,0.0
825,410960,0.0,0.0,0.0,0.0,0.0,0.0,0.0,3.080050512828411,0.0,0.0,0.0
826,410970,3.2110975531436647,0.0,0.0,0.0,0.0,0.0,0.0,0.0,0.0,0.0,0.0
827,410980,0.0,0.0,0.0,0.0,0.0,1.95102916788606,0.0,0.0,0.0,2.104642842109694,2.125308169684604
828,411000,0.0,0.0,0.0,0.0,0.0,0.0,0.0,24.92522432701894,0.0,0.0,0.0
829,411007,0.0,0.0,0.0,0.0,0.0,8.27335153470671,0.0,0.0,0.0,0.0,0.0
830,411010,0.0,0.0,0.0,0.0,0.0,3.2939161368951546,0.0,0.0,0.0,0.0,0.0
831,411030,0.0,0.0,0.0,0.0,32.154340836012864,0.0,0.0,0.0,0.0,0.0,0.0
832,411060,0.0,0.0,0.0,0.0,0.0,6.632179334129194,0.0,0.0,0.0,0.0,0.0
833,411100,0.0,0.0,14.63057790782736,0.0,0.0,0.0,0.0,0.0,0.0,0.0,0.0
834,411180,0.0,0.0,0.0,2.4849042069428227,0.0,0.0,0.0,0.0,0.0,0.0,0.0
835,411190,0.0,0.0,0.0,0.0,0.0,7.728572532653218,0.0,8.113590263691684,0.0,0.0,0.0
836,411210,0.0,0.0,0.0,0.0,0.0,0.0,0.0,0.0,0.0,0.0,9.934926233172718
837,411280,0.0,0.0,0.0,0.0,0.0,0.0,0.0,0.0,0.0,0.0,0.0
838,411300,0.0,0.0,0.0,0.0,0.0,0.0,0.0,0.0,0.0,0.0,16.0
839,411310,0.0,0.0,22.716946842344388,0.0,0.0,0.0,0.0,0.0,0.0,0.0,21.04377104377104
840,411320,0.0,0.0,0.0,0.0,2.1144331204803994,0.0,2.2058499139718535,0.0,0.0,2.3292106305173177,0.0
841,411330,0.0,0.0,0.0,0.0,0.0,0.0,0.0,0.0,0.0,0.0,3.1729914963827897
842,411350,0.0,4.366240230537485,0.0,0.0,0.0,0.0,0.0,0.0,0.0,0.0,0.0
843,411370,0.8866144273446076,1.790705878350187,1.6263306547065106,2.188786482054687,0.9208052257538172,1.116142017910359,1.1634513396172632,0.39117585506152225,0.9868843075526256,0.9790349456733508,0.9897383923481344
844,411380,0.0,0.0,0.0,0.0,0.0,0.0,0.0,0.0,0.0,0.0,0.0
845,411400,0.0,0.0,0.0,0.0,7.134194192765928,0.0,0.0,0.0,0.0,0.0,0.0
846,411430,0.0,3.8968124074507053,0.0,4.015257980325235,0.0,0.0,0.0,0.0,0.0,0.0,0.0
847,411450,0.0,0.0,0.0,0.0,0.0,0.0,0.0,0.0,0.0,0.0,0.0
848,411520,0.0,0.0,0.0,0.0,0.25529872503816714,0.0,0.0,0.0,0.0,0.2980528209209236,0.0
849,411550,0.0,0.0,0.0,0.0,0.0,0.0,0.0,0.0,0.0,0.0,23.80952380952381
850,411575,0.0,0.0,10.1276078590237,0.0,0.0,0.0,0.0,0.0,0.0,0.0,12.094823415578132
851,411580,0.0,0.0,0.0,0.0,0.0,0.0,2.3573785950023574,0.0,0.0,0.0,0.0
852,411590,0.0,0.0,0.0,0.0,0.0,0.0,0.0,0.0,0.0,0.0,0.0
853,411605,0.0,0.0,0.0,0.0,0.0,0.0,0.0,0.0,0.0,0.0,9.311853990129435
854,411620,0.0,0.0,0.0,0.0,0.0,0.0,0.0,0.0,0.0,0.0,5.933661662611998
855,411640,0.0,0.0,0.0,0.0,0.0,0.0,0.0,0.0,26.08242044861763,0.0,0.0
856,411690,0.0,0.0,0.0,3.5860288316718067,0.0,0.0,0.0,0.0,0.0,0.0,0.0
857,411720,0.0,0.0,0.0,0.0,0.0,17.44287458573173,0.0,0.0,0.0,0.0,0.0
858,411721,0.0,0.0,0.0,0.0,24.183796856106408,0.0,0.0,0.0,0.0,0.0,0.0
859,411727,0.0,0.0,0.0,0.0,0.0,0.0,0.0,0.0,0.0,0.0,0.0
860,411750,0.0,0.0,0.0,0.0,0.0,0.0,0.0,0.0,2.7823377201524724,2.7117908666883612,0.0
861,411770,0.0,2.9391881962202038,0.0,2.9626996118863507,0.0,0.0,0.0,0.0,0.0,0.0,0.0
862,411820,0.0,0.0,0.0,0.0,0.0,0.0,0.0,0.7068286717982428,1.4239943040227838,0.0,0.0
863,411840,0.0,0.0,0.0,0.0,0.0,0.0,0.0,0.0,0.0,0.0,0.0
864,411850,0.0,0.0,0.0,0.0,0.0,0.0,0.0,0.0,1.3817307559448966,0.0,0.0
865,411910,0.0,0.0,0.0,0.0,0.0,8.364001338240215,0.0,0.0,0.0,0.0,0.0
866,411915,0.0,0.0,0.0,0.0,0.0,0.0,0.0,0.0,0.0,0.0,0.8548177528550913
867,411940,0.0,0.0,0.0,4.007534164228749,0.0,0.0,0.0,0.0,0.0,0.0,0.0
868,411950,0.0,0.0,0.0,0.0,0.0,0.0,1.0414171604719702,1.057999534480205,0.0,0.0,1.1626284704459844
869,411960,0.0,0.0,0.0,0.0,0.0,0.0,0.0,0.0,0.0,0.0,0.0
870,411990,0.0,0.0,0.0,0.0,0.5978447696055719,0.0,0.31512042326975254,0.0,0.6416487807069045,0.31778213492393886,0.3214338521275707
871,411995,0.0,0.0,0.0,0.0,4.198857910648304,0.0,0.0,0.0,0.0,0.0,0.0
872,412000,0.0,0.0,0.0,7.156659271452087,7.099247479767145,0.0,21.530070331563085,0.0,0.0,0.0,0.0
873,412015,0.0,0.0,0.0,0.0,0.0,0.0,0.0,0.0,0.0,0.0,26.23294858342078
874,412050,0.0,0.0,8.87705281846427,0.0,0.0,8.929368693633359,0.0,0.0,0.0,0.0,0.0
875,412060,0.0,0.0,0.0,1.9392246979657535,0.0,0.0,0.0,0.0,2.049474309839526,0.0,0.0
876,412120,0.0,0.0,0.0,0.0,0.0,0.0,0.0,5.8041673921875905,0.0,0.0,0.0
877,412180,0.0,0.0,0.0,9.133254178463787,0.0,0.0,0.0,0.0,0.0,0.0,0.0
878,412220,0.0,0.0,0.0,0.0,0.0,0.0,0.0,0.0,0.0,0.0,3.0473868657626086
879,412230,0.0,0.0,2.973712382538361,5.988920497080401,0.0,0.0,0.0,0.0,3.1988739963532837,0.0,0.0
880,412240,1.5207506425171464,1.5449741989308778,1.5618167051914786,0.0,0.0,1.6171547778837911,0.0,0.0,0.0,1.7745599091425326,0.0
881,412300,6.805035726437564,0.0,0.0,0.0,0.0,0.0,0.0,0.0,0.0,0.0,0.0
882,412330,0.0,0.0,0.0,12.24589762429586,0.0,0.0,0.0,0.0,0.0,0.0,0.0
883,412400,0.0,0.0,0.0,0.0,0.0,0.0,0.0,19.157088122605366,0.0,0.0,0.0
884,412410,2.186843946815955,0.0,0.0,0.0,4.4413848237880575,0.0,0.0,0.0,0.0,0.0,0.0
885,412490,0.0,0.0,16.5809981760902,0.0,0.0,0.0,0.0,0.0,0.0,0.0,0.0
886,412500,0.0,0.0,0.0,8.906305664410402,0.0,0.0,0.0,0.0,0.0,0.0,0.0
887,412530,0.0,0.0,0.0,0.0,0.0,0.0,0.0,0.0,0.0,0.0,18.49796522382538
888,412535,0.0,0.0,0.0,0.0,0.0,0.0,0.0,0.0,16.5371258475277,0.0,0.0
889,412550,0.0,0.32517152798101,0.0,0.0,0.341373824820608,0.34747317507088454,0.7319170737955389,0.3720127377161394,0.0,0.7160835955989503,0.3669320808718306
890,412560,0.0,0.0,0.0,0.0,0.0,0.0,0.0,0.0,0.0,2.4278916189181317,0.0
891,412610,0.0,0.0,0.0,0.0,0.0,0.0,0.0,0.0,0.0,18.109380659181458,0.0
892,412625,0.0,0.0,0.0,0.0,1.1187183962053073,1.1316697787585583,0.0,0.0,0.0,1.181320953089745,1.1978056201039695
893,412650,0.0,0.0,0.0,6.107616197398156,0.0,0.0,0.0,6.379178361826996,6.395088571976722,0.0,0.0
894,412667,0.0,0.0,0.0,14.56664238892935,0.0,0.0,0.0,0.0,0.0,0.0,0.0
895,412710,0.0,2.588125679382991,0.0,0.0,0.0,0.0,0.0,0.0,0.0,0.0,1.4580660212294414
896,412760,0.0,0.0,0.0,6.261740763932373,0.0,0.0,6.719978496068813,6.797172376291462,6.884207627702051,0.0,0.0
897,412770,0.0,0.0,0.0,0.0,0.0,0.0,0.0,0.0,0.837850745268238,0.0,0.0
898,412796,0.0,0.0,0.0,0.0,0.0,0.0,0.0,0.0,0.0,0.0,0.0
899,412810,0.0,0.0,0.0,0.0,0.0,0.0,0.9786267908870274,0.9857752629555515,0.9928909011477819,1.0039555850049193,0.0
900,412840,0.0,8.574858514834505,0.0,0.0,0.0,0.0,0.0,0.0,0.0,0.0,0.0
901,412853,0.0,0.0,8.887308922858159,0.0,0.0,0.0,0.0,0.0,0.0,0.0,0.0
902,412860,0.0,0.0,0.0,0.0,0.0,0.0,0.0,0.0,0.0,12.379301807378065,0.0
903,420120,0.0,0.0,0.0,12.318305001231831,0.0,0.0,0.0,0.0,0.0,0.0,0.0
904,420200,0.0,0.0,0.0,0.7803050992938239,0.0,0.0,0.0,0.0,0.0,0.0,0.0
905,420220,0.0,0.0,0.0,0.0,0.0,0.0,0.0,0.0,0.0,0.0,9.778994719342851
906,420230,0.0,0.0,0.0,1.5506760947773228,0.0,0.0,0.0,0.0,0.0,0.0,1.796460971885386
907,420240,0.28372013845542754,0.0,0.29093871375994645,0.0,0.0,0.0,0.0,0.31986181969389227,0.0,3.673818366419964,1.012996748280438
908,420320,0.0,0.0,1.305619385836641,1.343472069215681,0.0,0.0,0.0,0.0,0.0,0.0,0.0
909,420360,0.0,2.8003360403248387,0.0,0.0,0.0,0.0,0.0,0.0,0.0,0.0,0.0
910,420450,0.0,0.0,6.520179956966812,0.0,0.0,0.0,0.0,0.0,0.0,0.0,0.0
911,420460,0.0,0.0,0.0,0.48328323297151526,0.0,0.0,0.0,0.0,0.5201939282964689,0.5303436096246757,0.5347078890801955
912,420540,1.217095320877039,0.41165985369608793,0.8371738684548701,2.980689390874832,1.0833672788414037,0.0,0.46172528269130436,0.0,0.0,0.0,0.0
913,420545,0.0,0.0,0.0,0.0,0.0,0.0,0.0,0.0,0.0,4.56037942356804,0.0
914,420570,4.431052818149593,0.0,0.0,0.0,0.0,0.0,0.0,0.0,0.0,0.0,0.0
915,420590,0.0,0.0,0.0,0.0,0.0,0.0,0.0,0.0,0.0,1.802158986465786,1.8285881470916308
916,420700,0.0,0.0,0.0,0.0,0.0,0.0,0.0,0.0,1.698975517762789,1.7512214769801937,0.0
917,420730,0.0,0.0,0.0,0.0,0.0,0.0,0.0,0.0,0.0,2.5718841623373283,0.0
918,420820,0.0,0.47033370176139977,0.0,0.0,0.0,0.0,0.0,0.0,0.0,0.0,0.0
919,420845,0.0,0.0,0.0,5.513591001819485,0.0,0.0,0.0,0.0,0.0,0.0,0.0
920,420910,0.0,0.0,0.35109585794661585,0.17788814749062085,0.0,0.0,0.0,0.38394716886956354,0.0,0.0,0.20321031658135222
921,420915,0.0,0.0,0.0,0.0,0.0,0.0,0.0,0.0,0.0,0.0,0.0
922,420930,0.0,0.0,0.6304375236414071,0.0,0.0,0.0,0.0,0.0,0.0,0.0,0.0
923,420940,0.0,0.0,0.0,0.0,0.0,0.0,0.0,0.0,0.0,0.0,0.0
924,421130,0.0,0.0,1.3339736406808602,0.0,0.0,0.0,0.0,0.0,0.0,1.7444700300048843,0.0
925,421170,0.0,0.0,0.0,0.0,0.0,0.0,0.0,0.0,4.673989249824725,0.0,0.0
926,421190,0.0,0.6063325370166014,0.0,1.2671621270583466,0.0,0.0,0.0,0.0,0.0,0.0,0.0
927,421230,0.0,0.0,0.0,13.883104262113008,0.0,0.0,0.0,0.0,0.0,0.0,0.0
928,421250,0.0,3.2232070910556003,0.0,0.0,0.0,0.0,0.0,0.0,0.0,0.0,0.0
929,421280,0.0,0.0,0.0,4.8503662026483,0.0,0.0,0.0,0.0,0.0,0.0,0.0
930,421410,0.0,43.40277777777778,0.0,0.0,0.0,0.0,0.0,0.0,0.0,0.0,0.0
931,421470,0.0,0.0,0.0,0.0,0.0,0.0,0.0,0.0,0.0,0.0,0.0
932,421570,0.0,0.0,0.0,9.124087591240876,0.0,0.0,0.0,0.0,0.0,0.0,0.0
933,421630,0.0,2.851846570654499,0.0,0.0,0.0,0.0,0.0,0.0,0.0,0.0,0.0
934,421660,1.64658518814294,0.4171568259371428,0.8473535031712206,2.582766918199467,0.8750399236965186,0.0,0.4645156495322328,0.0,0.0,0.0,0.5018065034122842
935,421760,0.0,0.0,0.0,0.0,0.0,0.0,0.0,0.0,0.0,0.0,7.754943776657619
936,421800,0.0,0.0,0.0,2.824699169538444,0.0,0.0,0.0,0.0,0.0,0.0,0.0
937,421820,0.0,0.0,2.378404090855036,0.0,0.0,0.0,0.0,0.0,0.0,0.0,0.0
938,421840,0.0,0.0,0.0,14.150275930380644,0.0,0.0,0.0,0.0,0.0,0.0,0.0
939,421870,0.0,0.0,0.0,0.9719778777835018,0.0,0.9873227755617866,0.0,0.0,0.0,0.0,0.0
940,421880,0.0,0.0,0.0,0.0,0.0,0.0,0.0,0.0,0.0,8.751203290452437,0.0
941,421930,0.0,0.0,0.0,0.0,0.0,0.0,0.0,0.0,0.0,2.146613716861651,0.0
942,421970,0.0,0.0,0.0,0.0,0.0,3.6983616257997705,0.0,0.0,0.0,0.0,0.0
943,430040,1.348199479595001,0.0,0.0,0.0,0.0,0.0,22.180470747873283,16.85247601763028,37.336011226552344,8.862554441405853,5.028410519434806
944,430060,0.0,0.0,0.0,0.0,0.0,0.0,0.0,0.0,0.0,0.0,0.9466290539389235
945,430064,0.0,0.0,0.0,0.0,0.0,0.0,0.0,13.666803334700013,0.0,0.0,0.0
946,430100,0.0,0.0,0.0,0.0,0.0,0.0,0.0,0.0,0.0,5.2468649981635975,0.0
947,430192,57.93742757821553,0.0,0.0,0.0,0.0,0.0,0.0,0.0,0.0,0.0,0.0
948,430210,0.0,0.0,0.0,0.0,0.0,0.0,0.0,0.0,2.7948314250845434,3.738352694884999,1.8932401859161865
949,430230,0.0,0.0,0.0,0.0,0.0,0.0,0.0,0.0,8.653513326410524,8.196049504139005,8.200754469411185
950,430235,0.0,0.0,7.654623392529087,0.0,0.0,0.0,0.0,0.0,0.0,0.0,0.0
951,430240,0.0,0.0,0.0,0.0,0.0,0.0,0.0,0.0,0.0,0.0,8.654262224145391
952,430270,0.0,0.0,0.0,0.0,0.0,0.0,0.0,0.0,0.0,4.947311136397368,0.0
953,430300,0.0,0.0,0.0,0.0,0.0,0.0,0.0,1.1973610163200308,0.0,1.1553080628949708,2.3054755043227666
954,430310,0.0,0.0,0.0,0.0,0.7984286923334877,0.0,0.0,0.0,0.0,0.8468189247093293,0.8532204807044188
955,430367,0.0,0.0,0.0,0.0,0.0,0.0,0.0,0.0,0.0,0.0,30.156815440289503
956,430390,0.0,0.0,1.5491146809598313,0.0,0.0,0.0,0.0,1.651827747402501,0.0,0.0,0.0
957,430420,0.0,0.0,0.0,0.0,0.0,0.0,0.0,0.0,0.0,0.0,6.585663011623695
958,430440,0.0,0.0,0.0,0.0,0.0,0.0,0.0,0.0,0.0,0.0,2.4722490049197754
959,430460,0.0,0.0,0.29185661668135676,0.2929604532684133,0.0,1.1815756902617487,0.30627402336870796,2.1525943374468386,6.480981405755729,1.806924133278724,0.909358205290646
960,430463,1.9229290054611183,0.0,0.0,0.0,0.0,0.0,0.0,0.0,0.0,0.0,5.009016229212583
961,430471,0.0,0.0,0.0,0.0,12.813941568426447,0.0,0.0,0.0,0.0,0.0,0.0
962,430480,0.0,0.0,0.0,0.0,0.0,0.0,0.0,3.9137411451606594,0.0,7.732158045310446,0.0
963,430510,0.0,0.0,0.0,0.0,0.2126650546655523,0.0,0.0,0.0,0.0,0.0,0.4927831901798166
964,430530,0.0,0.0,0.0,10.402579839800271,0.0,0.0,0.0,0.0,0.0,0.0,0.0
965,430535,0.0,0.0,0.0,0.0,0.0,0.0,0.0,0.0,0.0,0.0,2.8163460726054015
966,430560,0.0,0.0,0.0,0.0,0.0,0.0,0.0,0.0,0.0,26.518164942985948,0.0
967,430580,0.0,9.892175289346127,0.0,0.0,0.0,0.0,0.0,0.0,10.26588645929576,0.0,0.0
968,430640,0.0,0.0,3.281701233919664,0.0,0.0,0.0,0.0,0.0,0.0,0.0,0.0
969,430673,0.0,0.0,19.40240589833139,0.0,0.0,0.0,0.0,0.0,0.0,0.0,0.0
970,430680,0.0,0.0,0.0,0.0,0.0,0.0,4.805382027871215,0.0,0.0,0.0,0.0
971,430695,0.0,0.0,0.0,0.0,0.0,0.0,0.0,0.0,0.0,32.39390994493035,0.0
972,430700,0.0,0.0,0.0,0.0,0.9827816652252536,0.0,1.0266518828795532,0.0,0.0,0.0,0.0
973,430730,0.0,0.0,0.0,0.0,0.0,0.0,0.0,0.0,0.0,0.0,12.056908608632748
974,430740,0.0,0.0,0.0,0.0,0.0,0.0,0.0,0.0,31.55569580309246,29.559562518474728,0.0
975,430760,0.0,0.0,0.0,0.0,0.0,0.0,0.0,2.3177119547582627,0.0,0.0,2.318948125130441
976,430770,0.0,0.0,0.0,0.0,0.0,2.3894862604540026,1.2366748287205362,0.0,0.0,0.0,0.0
977,430780,0.0,0.0,0.0,3.0536215952119212,0.0,0.0,0.0,0.0,0.0,0.0,0.0
978,430810,0.0,0.0,0.0,0.0,0.0,0.0,0.0,0.0,0.0,8.198065256599444,0.0
979,430820,0.0,0.0,0.0,0.0,0.0,0.0,0.0,0.0,0.0,0.0,3.782863627766219
980,430860,0.0,0.0,0.0,0.0,0.0,0.0,0.0,0.0,3.258178026847387,3.276754702142998,0.0
981,430870,0.0,0.0,0.0,0.0,0.0,0.0,0.0,0.0,17.0590242238144,0.0,0.0
982,430890,0.0,0.0,0.0,0.0,0.0,0.0,0.0,0.0,0.0,6.11807892321811,0.0
983,430912,0.0,0.0,0.0,0.0,0.0,0.0,0.0,0.0,0.0,41.68403501458941,0.0
984,430920,0.0,0.0,0.3653074793053313,0.36730001432470055,0.0,0.0,0.0,0.0,0.0,0.371131878001529,0.3756150696765954
985,430960,0.0,5.171165580721895,0.0,0.0,0.0,0.0,0.0,0.0,0.0,0.0,0.0
986,431010,0.0,0.0,0.0,0.0,2.938151902453357,0.0,0.0,0.0,0.0,0.0,3.0353619669145546
987,431060,0.0,0.0,2.5608850418704705,0.0,0.0,0.0,0.0,0.0,0.0,2.735229759299781,8.132505624983057
988,431080,0.0,0.0,0.0,0.0,0.0,0.0,0.0,4.9446202531645564,5.030940282738844,0.0,0.0
989,431112,0.0,0.0,0.0,0.0,0.0,0.0,0.0,0.0,0.0,45.15692029803567,44.7527411053927
990,431130,0.0,0.0,0.0,0.0,0.0,0.0,0.0,0.0,0.0,0.0,7.0846617074034715
991,431140,0.0,0.0,0.0,1.2741125805876206,0.0,0.0,0.0,0.0,0.0,0.0,0.0
992,431175,0.0,0.0,0.0,0.0,0.0,0.0,14.11631846414455,0.0,0.0,0.0,0.0
993,431179,0.0,0.0,0.0,0.0,0.0,0.0,0.0,0.0,0.0,39.33910306845004,0.0
994,431237,0.0,0.0,0.0,0.0,0.0,0.0,0.0,0.0,0.0,30.71253071253071,0.0
995,431247,0.0,0.0,0.0,0.0,0.0,0.0,17.298045320878742,0.0,0.0,0.0,0.0
996,431261,0.0,0.0,0.0,0.0,0.0,0.0,0.0,0.0,0.0,64.43298969072166,32.414910858995135
997,431290,0.0,0.0,0.0,0.0,0.0,0.0,0.0,0.0,0.0,10.811979673478215,0.0
998,431330,0.0,0.0,0.0,0.0,0.0,0.0,0.0,0.0,4.380201489268506,0.0,0.0
999,431337,0.0,0.0,0.0,0.0,0.0,0.0,4.207337596768765,0.0,4.404122258433894,0.0,0.0
1000,431340,0.8115170499732199,0.0,0.0,0.40210057339541766,0.8056362310725839,0.40358219556786035,0.0,0.4181458576380613,0.8366415534760364,0.7759577258230972,0.0
1001,431370,0.0,0.0,0.0,0.0,0.0,0.0,0.0,0.0,0.0,2.9218407596785974,2.9022521476665895
1002,431380,0.0,0.0,0.0,0.0,0.0,0.0,14.457134595923087,0.0,0.0,0.0,0.0
1003,431405,0.0,0.0,0.0,0.0,0.0,1.8315353761057895,0.0,0.0,0.0,1.936708370453577,0.0
1004,431410,0.0,0.0,0.0,0.0,0.5111951743175545,0.5143186306780777,0.533908530790505,0.0,0.5409235729083838,0.5333134229655426,1.0759514100343228
1005,431440,0.0,0.2903726933519172,0.0,0.0,0.29235235475204135,0.0,0.0,0.30407614066562266,0.0,1.1588123332396627,0.29140331092441873
1006,431446,0.0,0.0,0.0,0.0,0.0,0.0,0.0,0.0,46.948356807511736,0.0,0.0
1007,431480,0.0,0.0,0.0,0.0,0.0,0.0,3.138140965292161,0.0,0.0,0.0,0.0
1008,431490,0.0,0.0,0.0,0.13542180846345678,0.06791254494112661,0.0,0.0,0.0,0.07092505420447268,1.0444787807172504,1.4683055753660277
1009,431517,0.0,0.0,0.0,0.0,0.0,0.0,0.0,0.0,50.0,0.0,0.0
1010,431560,0.0,0.0,0.0,0.0,0.0,0.0,0.0,0.0,0.0,1.0186566974131215,3.0677669724207752
1011,431640,0.0,0.0,0.0,0.0,0.0,0.0,0.0,0.0,0.0,4.790878167968189,2.39721922569819
1012,431650,0.0,0.0,0.0,0.0,0.0,0.0,0.0,0.0,0.0,13.956734124214934,0.0
1013,431680,0.7726363123614084,0.0,0.7887990534411359,0.0,0.0,0.0,0.0,0.0,0.0,0.8166531918890005,0.0
1014,431690,0.0,0.0,0.0,0.36217711909832384,0.0,0.0,0.37927346375283505,0.0,0.0,1.4871602303611196,0.0
1015,431710,0.0,0.0,0.0,0.0,0.0,0.0,0.0,0.0,0.0,0.0,1.1795373854374314
1016,431720,0.0,0.0,0.0,0.0,0.0,0.0,0.0,0.0,1.4578322035133757,0.0,3.0296144815572217
1017,431750,0.0,0.0,0.0,0.0,0.0,0.0,0.0,0.0,2.621094569092053,1.3254688846179334,0.0
1018,431760,0.0,0.0,0.0,0.0,0.0,0.0,0.0,0.0,0.0,0.0,2.5443997760928196
1019,431830,0.0,0.0,0.0,0.0,0.0,0.0,0.0,0.0,0.0,3.3705782226941032,0.0
1020,431848,0.0,0.0,0.0,0.0,0.0,0.0,0.0,0.0,0.0,0.0,24.372410431391664
1021,431862,0.0,0.0,0.0,0.0,0.0,0.0,0.0,0.0,0.0,0.0,30.330603579011225
1022,431870,0.4256279075706436,0.4330616593190538,0.8707843154329103,0.437885886937864,0.8811038468993955,1.3302589570769776,2.3021423736929587,1.3910527487202315,2.800989683021334,1.417347387120092,2.379309524376026
1023,431880,0.0,0.0,0.0,0.0,0.0,0.0,0.0,0.0,0.0,0.0,2.301443004763987
1024,431950,0.0,4.005286978812032,0.0,0.0,0.0,0.0,0.0,0.0,0.0,0.0,0.0
1025,431990,0.0,2.490318885333267,0.0,0.0,0.0,0.0,0.0,2.651464934376243,0.0,0.0,0.0
1026,432000,0.0,0.0,0.0,0.0,0.0,0.0,0.0,0.0,0.7634287110269643,1.5833306944488428,1.586231510488956
1027,432010,0.0,0.0,0.0,0.0,0.0,0.0,0.0,0.0,0.0,0.0,4.650297619047619
1028,432060,0.0,0.0,0.0,0.0,0.0,0.0,0.0,0.0,26.028110359187924,0.0,0.0
1029,432067,0.0,0.0,0.0,0.0,0.0,0.0,0.0,0.0,0.0,9.340556697179151,0.0
1030,432130,0.0,3.675524681148234,0.0,0.0,0.0,0.0,0.0,0.0,0.0,0.0,0.0
1031,432160,0.0,0.0,0.0,0.0,0.0,0.0,0.0,0.0,0.0,0.0,0.0
1032,432180,0.0,0.0,0.0,0.0,0.0,0.0,0.0,0.0,0.0,0.0,4.1779820346772505
1033,432215,0.0,0.0,0.0,0.0,0.0,0.0,0.0,0.0,0.0,0.0,22.06531332744925
1034,432218,0.0,0.0,0.0,63.131313131313135,0.0,0.0,0.0,0.0,0.0,0.0,0.0
1035,432230,0.0,0.0,0.0,0.0,0.0,0.0,0.0,0.0,11.68633867009466,0.0,0.0
1036,432250,0.0,0.0,0.0,1.5418536164176575,0.0,0.0,0.0,1.6220600162206003,8.150623522699487,23.873565596600404,16.0333493666827
1037,432270,0.0,0.0,0.0,0.0,0.0,0.0,0.0,0.0,0.0,0.0,4.2190532444519455
1038,432300,0.0,0.0,0.0,0.0,0.0,0.3999552050170381,0.4146108876819105,0.0,0.0,0.0,1.163494205798855
1039,432377,0.0,0.0,0.0,33.863867253640365,0.0,0.0,0.0,0.0,0.0,0.0,0.0
1040,500110,0.0,0.0,0.0,0.0,0.0,0.0,0.0,2.1843122692820165,0.0,0.0,0.0
1041,500220,0.0,0.0,0.0,0.0,0.0,0.0,0.0,0.0,0.0,0.0,0.0
1042,500270,0.1129036446425527,0.0,0.9259452164512686,0.585739355358695,0.0,0.48056591442082197,0.24832473922798323,0.2511767631352888,0.5081274993521374,0.2648631253583929,1.0706795737089276
1043,500295,0.0,0.0,0.0,0.0,0.0,0.0,5.006508460999299,0.0,0.0,0.0,0.0
1044,500330,0.0,0.0,0.0,0.0,3.0261764260856405,0.0,0.0,0.0,0.0,0.0,0.0
1045,500370,0.0,0.0,0.0,0.0,0.0,0.0,0.0,0.0,0.0,0.0,0.0
1046,500410,0.0,0.0,0.0,0.0,9.793360101850945,0.0,0.0,0.0,0.0,0.0,0.0
1047,500430,0.0,0.0,0.0,0.0,0.0,0.0,0.0,0.0,0.0,0.0,6.629101756711965
1048,500450,0.0,0.0,0.0,0.0,0.0,0.0,4.663744053726331,0.0,0.0,0.0,0.0
1049,500500,3.8510417067816842,0.0,0.0,0.0,0.0,0.0,0.0,0.0,0.0,0.0,0.0
1050,500540,0.0,0.0,0.0,0.0,0.0,2.433149225041972,0.0,0.0,0.0,0.0,3.131556696833996
1051,500600,0.0,0.0,0.0,0.0,0.0,0.0,0.0,0.0,0.0,0.0,0.0
1052,500620,0.0,0.0,0.0,0.0,0.0,0.0,2.1219708865594367,0.0,0.0,0.0,0.0
1053,500630,0.0,0.0,0.0,0.0,0.0,2.4255948771436198,0.0,0.0,0.0,0.0,0.0
1054,500730,0.0,0.0,0.0,0.0,0.0,20.044097013429546,0.0,0.0,0.0,0.0,0.0
1055,500769,0.0,0.0,3.9303541249066543,0.0,0.0,0.0,0.0,0.0,0.0,0.0,0.0
1056,500790,0.0,0.0,0.0,0.0,0.0,0.0,0.0,0.0,2.3766517729822225,0.0,0.0
1057,500800,0.0,0.0,4.905086574778045,0.0,0.0,0.0,0.0,0.0,0.0,0.0,0.0
1058,500830,0.837065249236178,0.0,0.0,1.7602689690984783,0.0,0.0,0.0,0.0,0.0,0.0,2.257540184215279
1059,510025,0.0,0.0,0.0,0.0,6.014796399141889,0.0,0.0,0.0,0.0,0.0,0.0
1060,510035,0.0,0.0,0.0,0.0,0.0,17.214666896195556,0.0,0.0,0.0,0.0,0.0
1061,510140,4.548142083958703,0.0,0.0,0.0,0.0,0.0,0.0,0.0,0.0,0.0,5.017561465127948
1062,510170,0.0,0.0,0.0,0.0,2.997152704930316,0.0,0.0,0.0,0.0,0.0,0.0
1063,510180,0.0,0.0,0.0,0.0,0.0,0.0,0.0,0.0,0.0,0.0,0.0
1064,510250,0.0,1.0956382640707345,0.0,0.0,3.3294120258362376,1.1150385245810244,0.0,0.0,0.0,0.0,3.4560221185415587
1065,510320,0.0,0.0,0.0,0.0,0.0,0.0,0.0,0.0,0.0,0.0,3.1502016129032255
1066,510325,2.6824034334763946,0.0,0.0,0.0,0.0,0.0,0.0,0.0,0.0,0.0,0.0
1067,510340,0.16470313084181418,0.33891526779389886,0.17083299878537736,1.0336113173548507,1.9114478348509072,0.0,0.17814864366530145,0.0,0.0,0.1816325863390499,2.019323086186545
1068,510480,0.0,0.0,0.0,0.0,3.8050302499904873,0.0,0.0,0.0,0.0,0.0,0.0
1069,510510,0.0,0.0,0.0,2.975304968759298,0.0,0.0,0.0,0.0,0.0,0.0,0.0
1070,510515,0.0,2.513889238040172,0.0,0.0,2.5227043390514634,0.0,0.0,0.0,0.0,0.0,0.0
1071,510520,0.0,0.0,0.0,0.0,8.94534394847482,0.0,0.0,0.0,0.0,0.0,0.0
1072,510525,0.0,0.0,0.0,0.0,1.8150796819980397,0.0,0.0,0.0,0.0,0.0,0.0
1073,510560,6.122199093914534,0.0,0.0,0.0,0.0,0.0,0.0,0.0,0.0,0.0,0.0
1074,510562,0.0,0.0,0.0,0.0,3.81854284405071,0.0,0.0,0.0,0.0,0.0,0.0
1075,510600,16.512549537648614,0.0,0.0,0.0,0.0,0.0,0.0,0.0,0.0,0.0,0.0
1076,510622,0.0,0.0,0.0,0.0,0.0,2.7278430944652063,0.0,0.0,0.0,0.0,3.8974199080208907
1077,510624,0.0,0.0,0.0,0.0,0.0,0.0,0.0,0.0,0.0,0.0,0.0
1078,510645,0.0,0.0,0.0,0.0,0.0,37.27171077152441,0.0,0.0,0.0,0.0,0.0
1079,510650,3.0517578125,0.0,0.0,0.0,6.232082762059081,0.0,0.0,0.0,0.0,0.0,0.0
1080,510675,0.0,0.0,0.0,0.0,0.0,2.3471423541837813,0.0,0.0,0.0,0.0,0.0
1081,510704,0.0,0.0,0.0,0.0,1.7714791851195748,0.0,0.0,0.0,0.0,0.0,0.0
1082,510710,0.0,0.0,0.0,0.0,5.344735435595938,5.318866017765012,0.0,0.0,0.0,0.0,5.121114354483535
1083,510730,4.923198109491926,0.0,0.0,0.0,0.0,0.0,0.0,0.0,0.0,0.0,0.0
1084,510760,0.0,0.4498101801039961,0.0,0.0,0.0,0.0,0.0,0.0,0.0,0.5497465668326901,0.5583659977442014
1085,510787,0.0,0.0,0.0,0.0,0.0,4.776917932549919,0.0,0.0,0.0,0.0,0.0
1086,510790,0.0,0.0,0.0,0.0,0.0,0.0,0.0,0.0,0.0,0.0,0.9048709201632387
1087,510792,0.0,1.173392159393591,0.0,0.0,0.0,0.0,1.4046916701783958,1.4515052109037072,0.0,0.0,0.0
1088,510795,0.9826657757163634,0.0,0.0,1.0605691013798004,0.0,0.0,0.0,0.0,0.0,0.0,1.2520345561537498
1089,510800,0.0,0.0,0.0,0.0,0.0,0.0,0.0,0.0,0.0,0.0,9.074410163339381
1090,510840,0.0,0.3649461886844785,0.0,0.37230913572157237,1.505032452262252,0.3804017041996348,0.0,0.0,0.0,0.0,1.260901544604392
1091,520010,0.0,0.0,0.0,5.534340583319497,0.0,0.0,0.0,0.0,0.0,0.0,0.0
1092,520030,0.0,0.0,0.0,0.0,0.0,3.9264959949740854,0.0,0.0,0.0,0.0,0.0
1093,520085,0.0,0.0,0.0,0.0,0.0,17.20282126268708,0.0,0.0,18.15541031227306,0.0,0.0
1094,520110,0.26180066497368903,0.26656572711133386,0.26963262554769124,1.3642899825643742,1.3812498100781512,2.7979697931181136,1.7526077342579314,2.3630536560870787,0.0,0.0,0.0
1095,520130,0.0,0.0,0.0,0.0,0.0,0.0,4.886630179827991,0.0,0.0,0.0,0.0
1096,520140,0.1766918688168889,0.0,0.0,0.1916039163840509,0.0,0.39950541229957315,1.0543651772704172,1.5050753290202175,3.9496637300185413,0.5873485130293478,0.0
1097,520145,0.0,0.0,0.0,0.0,39.92015968063872,0.0,0.0,0.0,0.0,0.0,0.0
1098,520150,0.0,0.0,0.0,0.0,0.0,24.9500998003992,0.0,0.0,0.0,0.0,0.0
1099,520320,0.0,0.0,0.0,0.0,0.0,0.0,0.0,0.0,0.0,0.0,14.979029358897543
1100,520330,0.0,0.0,0.0,0.0,0.0,0.0,0.0,0.0,4.075145686458291,0.0,0.0
1101,520340,0.0,0.0,0.0,0.0,0.0,0.0,0.0,0.0,11.872254541137362,0.0,0.0
1102,520350,0.0,0.0,0.0,0.0,0.0,0.0,4.672460517708625,0.0,0.0,0.0,0.0
1103,520355,0.0,0.0,0.0,0.0,0.0,0.0,0.0,0.0,13.26963906581741,0.0,0.0
1104,520390,0.0,0.0,0.0,0.0,0.0,0.0,0.0,0.0,0.0,11.828720132481665,0.0
1105,520430,0.0,0.0,0.0,0.0,0.0,0.0,0.0,0.0,7.530687551773477,0.0,0.0
1106,520440,0.0,0.0,0.0,0.0,0.0,5.62651212513363,0.0,0.0,0.0,0.0,0.0
1107,520470,0.0,0.0,0.0,0.0,0.0,0.0,0.0,0.0,8.99685110211426,0.0,0.0
1108,520510,0.0,0.0,0.0,0.0,0.0,0.0,0.0,1.1318106707110034,3.4643232444541963,0.0,1.255997387525434
1109,520540,0.0,0.0,0.0,0.0,0.0,0.0,0.0,4.801920768307323,4.834187373102582,0.0,0.0
1110,520551,0.0,0.0,0.0,5.23149359142035,0.0,5.369704129302476,0.0,0.0,0.0,0.0,0.0
1111,520725,0.0,0.0,0.0,0.0,0.0,0.0,0.0,12.753475322025253,0.0,0.0,0.0
1112,520800,0.0,0.0,0.0,0.0,0.0,0.0,0.0,0.0,0.9991607050077935,0.0,0.0
1113,520860,0.0,0.0,0.0,0.0,0.0,0.0,1.6361791943453647,0.0,0.0,0.0,3.5606829389876977
1114,520870,0.0,0.1364158774439757,0.0690303105190458,0.13979200347802506,0.14160655468420325,2.368010333135999,0.6747805276333873,0.07586395771646452,0.7681128695775072,0.15600928255231186,0.3951338476395494
1115,520880,0.0,0.0,0.0,0.0,0.0,0.0,0.0,0.0,2.935909104254132,0.0,0.0
1116,520910,0.0,0.0,0.0,0.0,0.0,0.0,0.0,0.0,3.0787229457221144,0.0,0.0
1117,520920,0.0,0.0,0.0,0.0,0.0,0.0,7.145919679862798,0.0,0.0,0.0,0.0
1118,520970,0.0,0.0,0.0,0.0,0.0,0.0,0.0,0.0,5.747787101965743,0.0,0.0
1119,520980,0.0,0.0,0.0,0.0,0.0,0.0,0.0,0.0,0.0,23.837902264600714,0.0
1120,521000,0.0,0.0,1.925595008857737,0.0,0.0,1.9709870703248187,0.0,0.0,2.0741724052103208,0.0,0.0
1121,521030,0.0,0.0,0.0,0.0,0.0,0.0,0.0,0.0,34.62603878116344,0.0,0.0
1122,521056,0.0,0.0,0.0,0.0,0.0,0.0,0.0,0.0,0.0,0.0,0.0
1123,521120,0.0,0.0,0.0,0.0,0.0,0.0,0.0,0.0,0.0,0.0,3.9467971740932235
1124,521150,0.0,0.0,0.0,0.0,0.0,0.0,0.0,0.0,0.0,1.0772147535332643,0.0
1125,521190,0.0,1.019077123756726,0.0,0.0,0.0,0.0,1.1123223065115349,0.0,0.0,0.0,0.0
1126,521250,0.4877501548606742,0.0,0.50796488946684,0.0,0.0,0.0,0.0,0.0,0.0,0.0,0.0
1127,521308,0.0,0.0,3.240230704426155,0.0,0.0,3.1863369869997453,0.0,0.0,0.0,0.0,0.0
1128,521310,0.0,0.0,0.0,0.0,0.0,0.0,0.0,0.0,0.0,0.0,0.0
1129,521450,0.0,0.0,0.0,0.0,0.0,0.0,0.0,0.0,4.134110546116003,0.0,0.0
1130,521483,0.0,0.0,0.0,0.0,0.0,0.0,0.0,0.0,8.395600705230459,0.0,0.0
1131,521550,0.0,0.0,0.0,0.0,0.0,0.0,17.705382436260624,0.0,0.0,0.0,0.0
1132,521680,0.0,0.0,0.0,0.0,0.0,0.0,0.0,0.0,9.722897423432181,0.0,0.0
1133,521710,0.0,0.0,0.0,4.036815759728726,0.0,0.0,0.0,0.0,0.0,0.0,0.0
1134,521730,0.0,0.0,0.0,0.0,0.0,0.0,0.0,0.0,0.0,0.0,0.0
1135,521850,0.0,0.0,0.0,2.1107288346666104,0.0,0.0,0.0,0.0,0.0,0.0,0.0
1136,521880,0.0,0.0,0.0,0.0,0.0,0.0,0.5391852910252608,0.5524251463926637,0.0,0.0,0.0
1137,521900,0.0,0.0,0.0,0.0,0.0,0.0,0.0,0.0,0.0,0.0,0.0
1138,521930,0.0,0.0,0.0,0.0,0.0,2.631994525451387,0.0,0.0,0.0,0.0,0.0
1139,521971,20.889910173386255,0.0,0.0,0.0,0.0,0.0,0.0,0.0,0.0,0.0,0.0
1140,521980,0.0,0.0,0.0,0.0,0.0,8.322237017310254,0.0,0.0,0.0,0.0,0.0
1141,522010,0.0,0.0,0.0,0.0,0.0,3.1414928373963305,0.0,0.0,0.0,0.0,0.0
1142,522045,0.0,0.0,0.0,0.0,0.0,2.1048643414931907,1.1213779492240066,1.1514237354488825,0.0,2.5802789281521332,0.0
1143,522140,0.0,0.0,0.0,0.0,0.0,0.8814688797412007,0.0,0.9411233248004819,1.9137657168009494,0.0,0.0
1144,522155,0.0,0.0,0.0,0.0,0.0,21.048200378867605,0.0,0.0,0.0,0.0,0.0
1145,522160,0.0,0.0,0.0,2.5327356077299092,0.0,0.0,0.0,0.0,0.0,0.0,0.0
1146,522190,0.0,0.0,0.0,0.0,0.0,0.0,0.0,27.247956403269757,0.0,0.0,0.0
1147,530010,0.03361680140840951,0.03290075421688966,0.0,0.0,0.0,0.0,0.037756764879563476,0.0,0.039017340476628026,0.15343983336434097,0.0
